Initial values for gene :0
------------------------------
Particle 0
Position: [0.63264821 0.0071568  0.47495694 0.15695665 0.31965691 0.84364259
 0.8127007  0.91113661 0.87344044 0.47981733]
Velocity: [0. 0. 0. 0. 0. 0. 0. 0. 0. 0.]
Local Best Position: [0.63264821 0.0071568  0.47495694 0.15695665 0.31965691 0.84364259
 0.8127007  0.91113661 0.87344044 0.47981733]
Fitness: 0.2923976685940737
--------------------
Particle 1
Position: [0.77476233 0.7496276  0.35086784 0.76426873 0.69274376 0.12628268
 0.24705851 0.91104825 0.82856325 0.90993228]
Velocity: [0. 0. 0. 0. 0. 0. 0. 0. 0. 0.]
Local Best Position: [0.77476233 0.7496276  0.35086784 0.76426873 0.69274376 0.12628268
 0.24705851 0.91104825 0.82856325 0.90993228]
Fitness: 0.20604845407912062
--------------------
Particle 2
Position: [0.05292412 0.84776613 0.64788969 0.56994395 0.1307572  0.00500424
 0.00577583 0.92395052 0.40189042 0.06976065]
Velocity: [0. 0. 0. 0. 0. 0. 0. 0. 0. 0.]
Local Best Position: [0.05292412 0.84776613 0.64788969 0.56994395 0.1307572  0.00500424
 0.00577583 0.92395052 0.40189042 0.06976065]
Fitness: 0.5192002902432264
--------------------
Particle 3
Position: [0.05468807 0.24044563 0.8111029  0.68250105 0.15050506 0.8304782
 0.5768051  0.73552212 0.12670563 0.63736194]
Velocity: [0. 0. 0. 0. 0. 0. 0. 0. 0. 0.]
Local Best Position: [0.05468807 0.24044563 0.8111029  0.68250105 0.15050506 0.8304782
 0.5768051  0.73552212 0.12670563 0.63736194]
Fitness: 0.3500596346572953
--------------------
Particle 4
Position: [0.60782337 0.33758097 0.57856691 0.10631139 0.15463479 0.72808677
 0.73610792 0.9069615  0.32002382 0.2979269 ]
Velocity: [0. 0. 0. 0. 0. 0. 0. 0. 0. 0.]
Local Best Position: [0.60782337 0.33758097 0.57856691 0.10631139 0.15463479 0.72808677
 0.73610792 0.9069615  0.32002382 0.2979269 ]
Fitness: 0.33910352533601534
--------------------
Particle 5
Position: [0.89990601 0.44313356 0.99049534 0.10529019 0.5362387  0.76477684
 0.64984582 0.52779263 0.99364295 0.08254164]
Velocity: [0. 0. 0. 0. 0. 0. 0. 0. 0. 0.]
Local Best Position: [0.89990601 0.44313356 0.99049534 0.10529019 0.5362387  0.76477684
 0.64984582 0.52779263 0.99364295 0.08254164]
Fitness: 0.25784775056032255
--------------------
Particle 6
Position: [0.44434314 0.49296954 0.85923001 0.09085791 0.84450328 0.26202233
 0.78045581 0.26906929 0.93794657 0.88124994]
Velocity: [0. 0. 0. 0. 0. 0. 0. 0. 0. 0.]
Local Best Position: [0.44434314 0.49296954 0.85923001 0.09085791 0.84450328 0.26202233
 0.78045581 0.26906929 0.93794657 0.88124994]
Fitness: 0.2581391795907554
--------------------
Particle 7
Position: [0.35651423 0.93945993 0.01690253 0.85486548 0.06830536 0.20479955
 0.9299672  0.66949874 0.92886806 0.35666893]
Velocity: [0. 0. 0. 0. 0. 0. 0. 0. 0. 0.]
Local Best Position: [0.35651423 0.93945993 0.01690253 0.85486548 0.06830536 0.20479955
 0.9299672  0.66949874 0.92886806 0.35666893]
Fitness: 0.34387526597196294
--------------------
Particle 8
Position: [0.66714657 0.064266   0.30065998 0.2094589  0.56533539 0.83370283
 0.5085694  0.54530673 0.17726485 0.42055547]
Velocity: [0. 0. 0. 0. 0. 0. 0. 0. 0. 0.]
Local Best Position: [0.66714657 0.064266   0.30065998 0.2094589  0.56533539 0.83370283
 0.5085694  0.54530673 0.17726485 0.42055547]
Fitness: 0.3777908392122441
--------------------
Particle 9
Position: [0.85238085 0.38479257 0.61907988 0.60368943 0.41774879 0.74557119
 0.41359575 0.85397587 0.17146547 0.77173318]
Velocity: [0. 0. 0. 0. 0. 0. 0. 0. 0. 0.]
Local Best Position: [0.85238085 0.38479257 0.61907988 0.60368943 0.41774879 0.74557119
 0.41359575 0.85397587 0.17146547 0.77173318]
Fitness: 0.22099525059633346
--------------------
Particle 10
Position: [0.74372435 0.01149596 0.76333765 0.32660787 0.17423106 0.05770687
 0.56662984 0.1288574  0.11165805 0.70487787]
Velocity: [0. 0. 0. 0. 0. 0. 0. 0. 0. 0.]
Local Best Position: [0.74372435 0.01149596 0.76333765 0.32660787 0.17423106 0.05770687
 0.56662984 0.1288574  0.11165805 0.70487787]
Fitness: 0.4945041759982606
--------------------
Particle 11
Position: [0.35548935 0.67906451 0.2886633  0.89255287 0.36605019 0.72381292
 0.57751124 0.72268573 0.51914957 0.97527598]
Velocity: [0. 0. 0. 0. 0. 0. 0. 0. 0. 0.]
Local Best Position: [0.35548935 0.67906451 0.2886633  0.89255287 0.36605019 0.72381292
 0.57751124 0.72268573 0.51914957 0.97527598]
Fitness: 0.20013383982104327
--------------------
Particle 12
Position: [0.91295772 0.06354522 0.19613215 0.45227151 0.34921678 0.0627672
 0.94833815 0.43663114 0.04107884 0.79564523]
Velocity: [0. 0. 0. 0. 0. 0. 0. 0. 0. 0.]
Local Best Position: [0.91295772 0.06354522 0.19613215 0.45227151 0.34921678 0.0627672
 0.94833815 0.43663114 0.04107884 0.79564523]
Fitness: 0.44140021317263567
--------------------
Particle 13
Position: [0.54079979 0.5674481  0.34544583 0.31881483 0.75996567 0.87396409
 0.24938863 0.97709356 0.45046528 0.53757082]
Velocity: [0. 0. 0. 0. 0. 0. 0. 0. 0. 0.]
Local Best Position: [0.54079979 0.5674481  0.34544583 0.31881483 0.75996567 0.87396409
 0.24938863 0.97709356 0.45046528 0.53757082]
Fitness: 0.2443693212288081
--------------------
Particle 14
Position: [0.05230395 0.24648715 0.99522632 0.83475712 0.75341491 0.0805306
 0.35484689 0.34470097 0.47574047 0.91770258]
Velocity: [0. 0. 0. 0. 0. 0. 0. 0. 0. 0.]
Local Best Position: [0.05230395 0.24648715 0.99522632 0.83475712 0.75341491 0.0805306
 0.35484689 0.34470097 0.47574047 0.91770258]
Fitness: 0.35267258729116757
--------------------
Particle 15
Position: [0.8590949  0.16312638 0.83572227 0.96751456 0.19954611 0.46958679
 0.43775207 0.95041376 0.20313401 0.94915002]
Velocity: [0. 0. 0. 0. 0. 0. 0. 0. 0. 0.]
Local Best Position: [0.8590949  0.16312638 0.83572227 0.96751456 0.19954611 0.46958679
 0.43775207 0.95041376 0.20313401 0.94915002]
Fitness: 0.26264814305679657
--------------------
Particle 16
Position: [0.47507929 0.48731636 0.78237897 0.15293672 0.84721182 0.51871325
 0.43657062 0.64406699 0.82290062 0.07893046]
Velocity: [0. 0. 0. 0. 0. 0. 0. 0. 0. 0.]
Local Best Position: [0.47507929 0.48731636 0.78237897 0.15293672 0.84721182 0.51871325
 0.43657062 0.64406699 0.82290062 0.07893046]
Fitness: 0.28821167980100665
--------------------
Particle 17
Position: [0.06045493 0.17649697 0.63168919 0.42019664 0.54255307 0.78850879
 0.5069937  0.34266262 0.53755217 0.82842107]
Velocity: [0. 0. 0. 0. 0. 0. 0. 0. 0. 0.]
Local Best Position: [0.06045493 0.17649697 0.63168919 0.42019664 0.54255307 0.78850879
 0.5069937  0.34266262 0.53755217 0.82842107]
Fitness: 0.3205158156522021
--------------------
Particle 18
Position: [0.13718517 0.43896729 0.87448959 0.40581697 0.77256775 0.83403877
 0.43714939 0.95203658 0.87314306 0.43631386]
Velocity: [0. 0. 0. 0. 0. 0. 0. 0. 0. 0.]
Local Best Position: [0.13718517 0.43896729 0.87448959 0.40581697 0.77256775 0.83403877
 0.43714939 0.95203658 0.87314306 0.43631386]
Fitness: 0.21602180762430376
--------------------
Particle 19
Position: [0.86798136 0.69625339 0.89443198 0.58622909 0.08853476 0.17969474
 0.59641539 0.54004803 0.32036257 0.08537983]
Velocity: [0. 0. 0. 0. 0. 0. 0. 0. 0. 0.]
Local Best Position: [0.86798136 0.69625339 0.89443198 0.58622909 0.08853476 0.17969474
 0.59641539 0.54004803 0.32036257 0.08537983]
Fitness: 0.3468584945053436
--------------------
Particle 20
Position: [0.08753621 0.15528349 0.61593245 0.43661287 0.01387907 0.63873297
 0.72299025 0.93735043 0.45302098 0.27661949]
Velocity: [0. 0. 0. 0. 0. 0. 0. 0. 0. 0.]
Local Best Position: [0.08753621 0.15528349 0.61593245 0.43661287 0.01387907 0.63873297
 0.72299025 0.93735043 0.45302098 0.27661949]
Fitness: 0.40171222235322357
--------------------
Particle 21
Position: [0.65692785 0.18771789 0.31596687 0.72835976 0.38326913 0.87403399
 0.23151976 0.84964467 0.64495174 0.37613351]
Velocity: [0. 0. 0. 0. 0. 0. 0. 0. 0. 0.]
Local Best Position: [0.65692785 0.18771789 0.31596687 0.72835976 0.38326913 0.87403399
 0.23151976 0.84964467 0.64495174 0.37613351]
Fitness: 0.28438521440411796
--------------------
Particle 22
Position: [0.41942508 0.97459612 0.11926974 0.3719859  0.55873871 0.97817318
 0.51262764 0.63494487 0.85309334 0.87663235]
Velocity: [0. 0. 0. 0. 0. 0. 0. 0. 0. 0.]
Local Best Position: [0.41942508 0.97459612 0.11926974 0.3719859  0.55873871 0.97817318
 0.51262764 0.63494487 0.85309334 0.87663235]
Fitness: 0.21105862370599593
--------------------
Particle 23
Position: [0.07158632 0.48233257 0.33442181 0.67983362 0.47655513 0.79933071
 0.27829899 0.81158616 0.79723037 0.35304369]
Velocity: [0. 0. 0. 0. 0. 0. 0. 0. 0. 0.]
Local Best Position: [0.07158632 0.48233257 0.33442181 0.67983362 0.47655513 0.79933071
 0.27829899 0.81158616 0.79723037 0.35304369]
Fitness: 0.3005715189934083
--------------------
Particle 24
Position: [0.29348161 0.97530161 0.87269346 0.18657059 0.67924812 0.01754407
 0.83926193 0.57592023 0.94942494 0.31282251]
Velocity: [0. 0. 0. 0. 0. 0. 0. 0. 0. 0.]
Local Best Position: [0.29348161 0.97530161 0.87269346 0.18657059 0.67924812 0.01754407
 0.83926193 0.57592023 0.94942494 0.31282251]
Fitness: 0.2926205141135013
--------------------
Particle 25
Position: [0.97915475 0.15100545 0.81923907 0.29785907 0.23803624 0.95414224
 0.97499067 0.51300029 0.84322057 0.75170012]
Velocity: [0. 0. 0. 0. 0. 0. 0. 0. 0. 0.]
Local Best Position: [0.97915475 0.15100545 0.81923907 0.29785907 0.23803624 0.95414224
 0.97499067 0.51300029 0.84322057 0.75170012]
Fitness: 0.21536211805187105
--------------------
Particle 26
Position: [0.82022489 0.99482595 0.78619514 0.88432898 0.26818453 0.26321204
 0.98638641 0.17741403 0.17993938 0.7925167 ]
Velocity: [0. 0. 0. 0. 0. 0. 0. 0. 0. 0.]
Local Best Position: [0.82022489 0.99482595 0.78619514 0.88432898 0.26818453 0.26321204
 0.98638641 0.17741403 0.17993938 0.7925167 ]
Fitness: 0.25622302916749273
--------------------
Particle 27
Position: [0.58425126 0.02107092 0.17486135 0.2216843  0.42387192 0.37409933
 0.46499734 0.68132245 0.63858165 0.403188  ]
Velocity: [0. 0. 0. 0. 0. 0. 0. 0. 0. 0.]
Local Best Position: [0.58425126 0.02107092 0.17486135 0.2216843  0.42387192 0.37409933
 0.46499734 0.68132245 0.63858165 0.403188  ]
Fitness: 0.4016044486687501
--------------------
Particle 28
Position: [0.45795781 0.31764103 0.78335931 0.1425143  0.35961842 0.10878639
 0.17666707 0.4393219  0.27641694 0.07774084]
Velocity: [0. 0. 0. 0. 0. 0. 0. 0. 0. 0.]
Local Best Position: [0.45795781 0.31764103 0.78335931 0.1425143  0.35961842 0.10878639
 0.17666707 0.4393219  0.27641694 0.07774084]
Fitness: 0.5112360096173868
--------------------
Particle 29
Position: [0.0408012  0.3450599  0.02296723 0.45849766 0.85701085 0.73585341
 0.96943491 0.35806064 0.84363297 0.4887506 ]
Velocity: [0. 0. 0. 0. 0. 0. 0. 0. 0. 0.]
Local Best Position: [0.0408012  0.3450599  0.02296723 0.45849766 0.85701085 0.73585341
 0.96943491 0.35806064 0.84363297 0.4887506 ]
Fitness: 0.3385892983368217
--------------------
Particle 30
Position: [0.91160932 0.26395166 0.08956342 0.57767076 0.34045441 0.91327935
 0.54525719 0.36176123 0.17983909 0.02819686]
Velocity: [0. 0. 0. 0. 0. 0. 0. 0. 0. 0.]
Local Best Position: [0.91160932 0.26395166 0.08956342 0.57767076 0.34045441 0.91327935
 0.54525719 0.36176123 0.17983909 0.02819686]
Fitness: 0.42305626944508984
--------------------
Particle 31
Position: [0.44712264 0.82522211 0.43774899 0.38311638 0.65810686 0.28743878
 0.05122578 0.59797804 0.6973769  0.64846432]
Velocity: [0. 0. 0. 0. 0. 0. 0. 0. 0. 0.]
Local Best Position: [0.44712264 0.82522211 0.43774899 0.38311638 0.65810686 0.28743878
 0.05122578 0.59797804 0.6973769  0.64846432]
Fitness: 0.2934478970539943
--------------------
Particle 32
Position: [0.25755602 0.02008983 0.45821226 0.70546247 0.33020194 0.41862768
 0.7486301  0.58776649 0.85604121 0.47252362]
Velocity: [0. 0. 0. 0. 0. 0. 0. 0. 0. 0.]
Local Best Position: [0.25755602 0.02008983 0.45821226 0.70546247 0.33020194 0.41862768
 0.7486301  0.58776649 0.85604121 0.47252362]
Fitness: 0.3210435288531623
--------------------
Particle 33
Position: [0.06471038 0.71491867 0.38531513 0.1110242  0.33523969 0.14820011
 0.33935119 0.2546716  0.4400617  0.00700077]
Velocity: [0. 0. 0. 0. 0. 0. 0. 0. 0. 0.]
Local Best Position: [0.06471038 0.71491867 0.38531513 0.1110242  0.33523969 0.14820011
 0.33935119 0.2546716  0.4400617  0.00700077]
Fitness: 0.5583172459618125
--------------------
Particle 34
Position: [0.66061592 0.28527093 0.99143337 0.12310438 0.31587854 0.95348078
 0.79765746 0.33210517 0.45099456 0.08403871]
Velocity: [0. 0. 0. 0. 0. 0. 0. 0. 0. 0.]
Local Best Position: [0.66061592 0.28527093 0.99143337 0.12310438 0.31587854 0.95348078
 0.79765746 0.33210517 0.45099456 0.08403871]
Fitness: 0.3492642791282974
--------------------
Particle 35
Position: [0.00426936 0.97056649 0.95781111 0.7242004  0.60170522 0.56194472
 0.76742633 0.5158127  0.37148612 0.22305367]
Velocity: [0. 0. 0. 0. 0. 0. 0. 0. 0. 0.]
Local Best Position: [0.00426936 0.97056649 0.95781111 0.7242004  0.60170522 0.56194472
 0.76742633 0.5158127  0.37148612 0.22305367]
Fitness: 0.2707925478539663
--------------------
Particle 36
Position: [0.85674364 0.32995708 0.15401624 0.06778131 0.01522789 0.53591967
 0.95234909 0.49891683 0.24796014 0.85466638]
Velocity: [0. 0. 0. 0. 0. 0. 0. 0. 0. 0.]
Local Best Position: [0.85674364 0.32995708 0.15401624 0.06778131 0.01522789 0.53591967
 0.95234909 0.49891683 0.24796014 0.85466638]
Fitness: 0.4079387530317951
--------------------
Particle 37
Position: [0.84768833 0.45524249 0.82848785 0.89494231 0.8015691  0.39950272
 0.01635063 0.87101886 0.93170413 0.56499084]
Velocity: [0. 0. 0. 0. 0. 0. 0. 0. 0. 0.]
Local Best Position: [0.84768833 0.45524249 0.82848785 0.89494231 0.8015691  0.39950272
 0.01635063 0.87101886 0.93170413 0.56499084]
Fitness: 0.19384844448536037
--------------------
Particle 38
Position: [0.80942842 0.977155   0.77430957 0.64419478 0.20712726 0.79895074
 0.40699179 0.22106992 0.71105249 0.63314056]
Velocity: [0. 0. 0. 0. 0. 0. 0. 0. 0. 0.]
Local Best Position: [0.80942842 0.977155   0.77430957 0.64419478 0.20712726 0.79895074
 0.40699179 0.22106992 0.71105249 0.63314056]
Fitness: 0.2059908248716919
--------------------
Particle 39
Position: [0.08840515 0.55545934 0.391212   0.35164429 0.68307377 0.09263897
 0.15115261 0.8207944  0.42885564 0.84737643]
Velocity: [0. 0. 0. 0. 0. 0. 0. 0. 0. 0.]
Local Best Position: [0.08840515 0.55545934 0.391212   0.35164429 0.68307377 0.09263897
 0.15115261 0.8207944  0.42885564 0.84737643]
Fitness: 0.384551216722262
--------------------
Particle 40
Position: [0.1533183  0.26742814 0.05396772 0.95275548 0.33463995 0.5137942
 0.35862409 0.25075461 0.66269846 0.16736648]
Velocity: [0. 0. 0. 0. 0. 0. 0. 0. 0. 0.]
Local Best Position: [0.1533183  0.26742814 0.05396772 0.95275548 0.33463995 0.5137942
 0.35862409 0.25075461 0.66269846 0.16736648]
Fitness: 0.46096232485136585
--------------------
Particle 41
Position: [0.21258411 0.91753425 0.8291874  0.16300839 0.09442554 0.7448627
 0.56091391 0.95960333 0.89890895 0.31515241]
Velocity: [0. 0. 0. 0. 0. 0. 0. 0. 0. 0.]
Local Best Position: [0.21258411 0.91753425 0.8291874  0.16300839 0.09442554 0.7448627
 0.56091391 0.95960333 0.89890895 0.31515241]
Fitness: 0.2915380544847861
--------------------
Particle 42
Position: [0.68693222 0.73918914 0.74891522 0.67024426 0.36158848 0.71288698
 0.00621333 0.91857771 0.88865572 0.07077115]
Velocity: [0. 0. 0. 0. 0. 0. 0. 0. 0. 0.]
Local Best Position: [0.68693222 0.73918914 0.74891522 0.67024426 0.36158848 0.71288698
 0.00621333 0.91857771 0.88865572 0.07077115]
Fitness: 0.26979246567825027
--------------------
Particle 43
Position: [0.36096107 0.16145796 0.68021098 0.4931203  0.97121228 0.62037607
 0.5489519  0.18190839 0.04531954 0.13847058]
Velocity: [0. 0. 0. 0. 0. 0. 0. 0. 0. 0.]
Local Best Position: [0.36096107 0.16145796 0.68021098 0.4931203  0.97121228 0.62037607
 0.5489519  0.18190839 0.04531954 0.13847058]
Fitness: 0.4142024590763361
--------------------
Particle 44
Position: [0.09787041 0.90785806 0.50670889 0.05208651 0.22373555 0.796824
 0.15226873 0.27659077 0.62500463 0.94208169]
Velocity: [0. 0. 0. 0. 0. 0. 0. 0. 0. 0.]
Local Best Position: [0.09787041 0.90785806 0.50670889 0.05208651 0.22373555 0.796824
 0.15226873 0.27659077 0.62500463 0.94208169]
Fitness: 0.3994016290318795
--------------------
Particle 45
Position: [0.63433737 0.3382551  0.15962706 0.46066998 0.82113367 0.33305348
 0.74697351 0.35447121 0.76899618 0.05985281]
Velocity: [0. 0. 0. 0. 0. 0. 0. 0. 0. 0.]
Local Best Position: [0.63433737 0.3382551  0.15962706 0.46066998 0.82113367 0.33305348
 0.74697351 0.35447121 0.76899618 0.05985281]
Fitness: 0.3463499143947182
--------------------
Particle 46
Position: [0.98641028 0.40054357 0.8481818  0.89318509 0.69865774 0.84908899
 0.48447549 0.28522949 0.08427545 0.58126734]
Velocity: [0. 0. 0. 0. 0. 0. 0. 0. 0. 0.]
Local Best Position: [0.98641028 0.40054357 0.8481818  0.89318509 0.69865774 0.84908899
 0.48447549 0.28522949 0.08427545 0.58126734]
Fitness: 0.22981230677379222
--------------------
Particle 47
Position: [0.65643121 0.579224   0.97356775 0.38840854 0.20390983 0.26389566
 0.26677285 0.36281232 0.66521951 0.73014373]
Velocity: [0. 0. 0. 0. 0. 0. 0. 0. 0. 0.]
Local Best Position: [0.65643121 0.579224   0.97356775 0.38840854 0.20390983 0.26389566
 0.26677285 0.36281232 0.66521951 0.73014373]
Fitness: 0.29739744585626493
--------------------
Particle 48
Position: [0.34691646 0.97307321 0.25067413 0.07885332 0.58490332 0.46306222
 0.13149531 0.99939206 0.86784815 0.78552806]
Velocity: [0. 0. 0. 0. 0. 0. 0. 0. 0. 0.]
Local Best Position: [0.34691646 0.97307321 0.25067413 0.07885332 0.58490332 0.46306222
 0.13149531 0.99939206 0.86784815 0.78552806]
Fitness: 0.3115614154822255
--------------------
Particle 49
Position: [0.80519436 0.49558789 0.9411773  0.52281817 0.99699349 0.45785687
 0.42536749 0.00581182 0.9354184  0.29302242]
Velocity: [0. 0. 0. 0. 0. 0. 0. 0. 0. 0.]
Local Best Position: [0.80519436 0.49558789 0.9411773  0.52281817 0.99699349 0.45785687
 0.42536749 0.00581182 0.9354184  0.29302242]
Fitness: 0.2640072368549078
--------------------
Particle 50
Position: [0.0554408  0.8073135  0.91319288 0.75498821 0.66148215 0.36889931
 0.48628318 0.37538303 0.89865512 0.99896775]
Velocity: [0. 0. 0. 0. 0. 0. 0. 0. 0. 0.]
Local Best Position: [0.0554408  0.8073135  0.91319288 0.75498821 0.66148215 0.36889931
 0.48628318 0.37538303 0.89865512 0.99896775]
Fitness: 0.21740920183597634
--------------------
Particle 51
Position: [0.19222502 0.30763483 0.3668458  0.17659263 0.51724035 0.84055062
 0.83223017 0.45525856 0.13718364 0.30152097]
Velocity: [0. 0. 0. 0. 0. 0. 0. 0. 0. 0.]
Local Best Position: [0.19222502 0.30763483 0.3668458  0.17659263 0.51724035 0.84055062
 0.83223017 0.45525856 0.13718364 0.30152097]
Fitness: 0.402644983718386
--------------------
Particle 52
Position: [0.72823493 0.54801971 0.57269168 0.88597132 0.00988371 0.74338567
 0.34256996 0.21537421 0.79670463 0.82999676]
Velocity: [0. 0. 0. 0. 0. 0. 0. 0. 0. 0.]
Local Best Position: [0.72823493 0.54801971 0.57269168 0.88597132 0.00988371 0.74338567
 0.34256996 0.21537421 0.79670463 0.82999676]
Fitness: 0.263800055457804
--------------------
Particle 53
Position: [0.20985262 0.83368444 0.16065847 0.79126581 0.92968535 0.29018524
 0.15755891 0.90207949 0.71769808 0.24603914]
Velocity: [0. 0. 0. 0. 0. 0. 0. 0. 0. 0.]
Local Best Position: [0.20985262 0.83368444 0.16065847 0.79126581 0.92968535 0.29018524
 0.15755891 0.90207949 0.71769808 0.24603914]
Fitness: 0.32762858386230925
--------------------
Particle 54
Position: [0.44025428 0.90132211 0.42359208 0.77480695 0.08774515 0.73652076
 0.6808856  0.3158285  0.37346805 0.57971446]
Velocity: [0. 0. 0. 0. 0. 0. 0. 0. 0. 0.]
Local Best Position: [0.44025428 0.90132211 0.42359208 0.77480695 0.08774515 0.73652076
 0.6808856  0.3158285  0.37346805 0.57971446]
Fitness: 0.27467476636491583
--------------------
Particle 55
Position: [0.37330948 0.29760915 0.41999988 0.41850514 0.77714568 0.63016006
 0.58961652 0.96364364 0.54043341 0.0456886 ]
Velocity: [0. 0. 0. 0. 0. 0. 0. 0. 0. 0.]
Local Best Position: [0.37330948 0.29760915 0.41999988 0.41850514 0.77714568 0.63016006
 0.58961652 0.96364364 0.54043341 0.0456886 ]
Fitness: 0.30387240481691163
--------------------
Particle 56
Position: [0.26340579 0.52649923 0.13850233 0.68650754 0.57735976 0.52749729
 0.00819855 0.89311014 0.6226551  0.02850844]
Velocity: [0. 0. 0. 0. 0. 0. 0. 0. 0. 0.]
Local Best Position: [0.26340579 0.52649923 0.13850233 0.68650754 0.57735976 0.52749729
 0.00819855 0.89311014 0.6226551  0.02850844]
Fitness: 0.4090393934468981
--------------------
Particle 57
Position: [0.48703492 0.92761641 0.84350893 0.84167094 0.55377451 0.83327706
 0.36908497 0.34490838 0.0027322  0.93897637]
Velocity: [0. 0. 0. 0. 0. 0. 0. 0. 0. 0.]
Local Best Position: [0.48703492 0.92761641 0.84350893 0.84167094 0.55377451 0.83327706
 0.36908497 0.34490838 0.0027322  0.93897637]
Fitness: 0.23703096000436155
--------------------
Particle 58
Position: [0.82964576 0.40701532 0.06787761 0.65748519 0.4378308  0.63254981
 0.65360384 0.64119345 0.56852098 0.06033619]
Velocity: [0. 0. 0. 0. 0. 0. 0. 0. 0. 0.]
Local Best Position: [0.82964576 0.40701532 0.06787761 0.65748519 0.4378308  0.63254981
 0.65360384 0.64119345 0.56852098 0.06033619]
Fitness: 0.3135748446679225
--------------------
Particle 59
Position: [0.31237799 0.5392004  0.96292459 0.57203863 0.03366503 0.16956124
 0.33080778 0.44518352 0.31613326 0.82563997]
Velocity: [0. 0. 0. 0. 0. 0. 0. 0. 0. 0.]
Local Best Position: [0.31237799 0.5392004  0.96292459 0.57203863 0.03366503 0.16956124
 0.33080778 0.44518352 0.31613326 0.82563997]
Fitness: 0.3746832319943396
--------------------
Particle 60
Position: [0.93350117 0.08907155 0.61457527 0.52371019 0.3484836  0.07239472
 0.18415386 0.88454958 0.55469846 0.01174781]
Velocity: [0. 0. 0. 0. 0. 0. 0. 0. 0. 0.]
Local Best Position: [0.93350117 0.08907155 0.61457527 0.52371019 0.3484836  0.07239472
 0.18415386 0.88454958 0.55469846 0.01174781]
Fitness: 0.43484117122104254
--------------------
Particle 61
Position: [0.30421042 0.73502724 0.33274853 0.9503896  0.43314525 0.14905603
 0.22434011 0.0932924  0.81497361 0.26333297]
Velocity: [0. 0. 0. 0. 0. 0. 0. 0. 0. 0.]
Local Best Position: [0.30421042 0.73502724 0.33274853 0.9503896  0.43314525 0.14905603
 0.22434011 0.0932924  0.81497361 0.26333297]
Fitness: 0.4048129382009174
--------------------
Particle 62
Position: [0.46519246 0.49976062 0.77723426 0.09280688 0.71942613 0.89167671
 0.18819515 0.51834791 0.47873056 0.16138988]
Velocity: [0. 0. 0. 0. 0. 0. 0. 0. 0. 0.]
Local Best Position: [0.46519246 0.49976062 0.77723426 0.09280688 0.71942613 0.89167671
 0.18819515 0.51834791 0.47873056 0.16138988]
Fitness: 0.33653427120294743
--------------------
Particle 63
Position: [0.1545892  0.66597342 0.02630877 0.37726445 0.63092362 0.40163021
 0.36893189 0.63356746 0.44102054 0.12917429]
Velocity: [0. 0. 0. 0. 0. 0. 0. 0. 0. 0.]
Local Best Position: [0.1545892  0.66597342 0.02630877 0.37726445 0.63092362 0.40163021
 0.36893189 0.63356746 0.44102054 0.12917429]
Fitness: 0.4259746352061451
--------------------
Particle 64
Position: [0.4771826  0.11144546 0.49260525 0.97359897 0.2158657  0.56312884
 0.68345647 0.31289147 0.05902311 0.27009907]
Velocity: [0. 0. 0. 0. 0. 0. 0. 0. 0. 0.]
Local Best Position: [0.4771826  0.11144546 0.49260525 0.97359897 0.2158657  0.56312884
 0.68345647 0.31289147 0.05902311 0.27009907]
Fitness: 0.41172474603805637
--------------------
Particle 65
Position: [3.53559421e-01 6.25353225e-01 7.00004124e-01 9.36265085e-01
 7.09091781e-01 1.86054548e-01 1.81592045e-01 8.55413171e-01
 5.53820978e-04 3.35352949e-01]
Velocity: [0. 0. 0. 0. 0. 0. 0. 0. 0. 0.]
Local Best Position: [3.53559421e-01 6.25353225e-01 7.00004124e-01 9.36265085e-01
 7.09091781e-01 1.86054548e-01 1.81592045e-01 8.55413171e-01
 5.53820978e-04 3.35352949e-01]
Fitness: 0.3530785382449916
--------------------
Particle 66
Position: [0.19286649 0.66731959 0.66751436 0.57269789 0.71302039 0.16390526
 0.51896521 0.06463705 0.23432154 0.63922148]
Velocity: [0. 0. 0. 0. 0. 0. 0. 0. 0. 0.]
Local Best Position: [0.19286649 0.66731959 0.66751436 0.57269789 0.71302039 0.16390526
 0.51896521 0.06463705 0.23432154 0.63922148]
Fitness: 0.36594092256386634
--------------------
Particle 67
Position: [0.80725134 0.77668495 0.92911942 0.82536988 0.60411205 0.36105692
 0.51672073 0.16649562 0.8039415  0.70687297]
Velocity: [0. 0. 0. 0. 0. 0. 0. 0. 0. 0.]
Local Best Position: [0.80725134 0.77668495 0.92911942 0.82536988 0.60411205 0.36105692
 0.51672073 0.16649562 0.8039415  0.70687297]
Fitness: 0.1740167712215084
--------------------
Particle 68
Position: [0.39700222 0.0025504  0.40753441 0.32204999 0.49470507 0.58102331
 0.58842046 0.1941538  0.2794974  0.97965268]
Velocity: [0. 0. 0. 0. 0. 0. 0. 0. 0. 0.]
Local Best Position: [0.39700222 0.0025504  0.40753441 0.32204999 0.49470507 0.58102331
 0.58842046 0.1941538  0.2794974  0.97965268]
Fitness: 0.3938331972472138
--------------------
Particle 69
Position: [0.68600764 0.53511686 0.94335621 0.64781293 0.24410373 0.80679812
 0.61012636 0.14287686 0.31588894 0.42105993]
Velocity: [0. 0. 0. 0. 0. 0. 0. 0. 0. 0.]
Local Best Position: [0.68600764 0.53511686 0.94335621 0.64781293 0.24410373 0.80679812
 0.61012636 0.14287686 0.31588894 0.42105993]
Fitness: 0.27404990158217923
--------------------
Global Best Position: [0.80725134 0.77668495 0.92911942 0.82536988 0.60411205 0.36105692
 0.51672073 0.16649562 0.8039415  0.70687297]
Global Best Fitness: 0.1740167712215084
--------------------------------------------------
