epoch :  0
................
Prey Position: [-4.25717202 -5.55039551 -1.25215782  9.56575426  7.53529693  8.85246991
 -5.53806596 -1.04526946], Fitness: 300.2907231296677
**CHANGED** top_preditor_position: [-4.25717202 -5.55039551 -1.25215782  9.56575426  7.53529693  8.85246991
 -5.53806596 -1.04526946], top_preditor_fitness: 300.2907231296677
Prey Position: [-5.24787975  4.66443015 -0.22299021 -0.17847609  7.63290278  6.94984555
 -1.62016442  0.43612914], Fitness: 141.9278338697399
**CHANGED** top_preditor_position: [-5.24787975  4.66443015 -0.22299021 -0.17847609  7.63290278  6.94984555
 -1.62016442  0.43612914], top_preditor_fitness: 141.9278338697399
Prey Position: [ 4.14111579  5.68058278  6.12112014  9.88137589 -7.34581509  0.01462017
 -2.66709733  4.76117626], Fitness: 235.09682533596023
Prey Position: [-8.41864859  0.96811797  8.74254315 -6.96089294  0.07547655 -4.56072744
 -2.36723662  2.68433047], Fitness: 257.98643326376794
Prey Position: [ 7.04095968 -0.24547114 -2.78818052  6.8264188  -3.11772612 -9.50535394
 -4.8307983  -7.20776356], Fitness: 315.0255811950931
Prey Position: [ 8.38395614  0.31548615 -9.29250589 -0.92662261  1.72885315  9.36970572
  5.79121217 -6.48543707], Fitness: 314.2096024013386
Prey Position: [ 9.62192708 -5.68400484 -3.59718223  3.18563899  0.81147223  3.79256885
 -6.83219811 -1.22127199], Fitness: 219.03600965346652
Prey Position: [ 1.35161099 -9.45376878 -8.54832736  1.7903384   0.99274658  9.24010765
 -9.08679015  1.47210467], Fitness: 371.06574710762976
Prey Position: [-8.70837208  2.46747519  7.2383911  -2.80653165  9.33313308  4.25458109
 -0.96721552 -7.64252805], Fitness: 308.409811627586
Prey Position: [ 3.1618726  -1.58396572  2.96364592  6.04059906 -6.70500243  3.49763056
 -1.7293313  -9.92597554], Fitness: 233.0455280159898
First phase: Exploration phase
...............................
position before: [-4.25717202 -5.55039551 -1.25215782  9.56575426  7.53529693  8.85246991
 -5.53806596 -1.04526946]
random position: [-0.36657773  0.32225434  2.83962691  0.29019015 -0.08564025 -0.83523136
  0.25765555 -0.41672499]
step Size : [ 2.49583137e+00  2.07952955e+00  9.46354174e+00 -8.57327287e-01
 -7.08949507e-01 -1.19803131e+01 -4.97921853e-02 -2.24709792e-04]
position after: [-4.24536893 -5.54056116 -1.20740358  9.56169986  7.53194422  8.79581355
 -5.53830143 -1.04527053]
position before: [-5.24787975  4.66443015 -0.22299021 -0.17847609  7.63290278  6.94984555
 -1.62016442  0.43612914]
random position: [ 1.17315332  0.05951957 -1.05228185  0.39215734  1.27448172 -0.23408164
 -0.93940994  0.59020176]
step Size : [ 1.06603012  0.26110078  0.48156497 -0.04254334 -2.67015686 -2.00764258
  2.95177913  0.10548378]
position after: [-5.01561907  4.72131732 -0.11806953 -0.18774519  7.05114394  6.51243161
 -0.9770473   0.45911135]
position before: [ 4.14111579  5.68058278  6.12112014  9.88137589 -7.34581509  0.01462017
 -2.66709733  4.76117626]
random position: [ 1.17425035 -0.03257149  0.42677902 -0.10228812 -1.00969105 -1.08947619
  1.23601886 -0.20100073]
step Size : [-11.87235965  -0.15795398  -1.21007041  -0.08513147  -0.21799134
  -7.58904478   2.0720845   -0.28001995]
position after: [ 0.10185731  5.62684309  5.70942547  9.85241214 -7.41998091 -2.56735295
 -1.96212501  4.66590683]
position before: [-8.41864859  0.96811797  8.74254315 -6.96089294  0.07547655 -4.56072744
 -2.36723662  2.68433047]
random position: [-0.29804699 -0.18348451 -0.59806048  1.40681309 -1.07946259 -1.4757099
 -0.05514427 -1.8624385 ]
step Size : [  2.31196018  -0.88844389  -2.99363917  13.52538134  -8.32738124
  -0.32396987   0.0965413  -10.12333948]
position after: [-7.52780279  0.62578227  7.58903242 -1.74928539 -3.13323467 -4.68555969
 -2.33003728 -1.21640039]
position before: [ 7.04095968 -0.24547114 -2.78818052  6.8264188  -3.11772612 -9.50535394
 -4.8307983  -7.20776356]
random position: [ 0.54487054 -0.4319859   1.11528918 -0.42536689 -0.50335051 -1.27717764
  0.62013264 -0.01001546]
step Size : [-4.94976265e+00 -1.96916022e+00  3.21943539e+00 -1.15923387e+00
 -3.05211302e+00  6.62878183e+00  8.53036658e-01 -3.64502642e-03]
position after: [ 6.97930051 -0.27000096 -2.74807604  6.81197823 -3.15574627 -9.42277924
 -4.82017203 -7.20780897]
position before: [ 8.38395614  0.31548615 -9.29250589 -0.92662261  1.72885315  9.36970572
  5.79121217 -6.48543707]
random position: [-0.25901332 -0.50363583  3.14321503  0.43079009  0.87186647  0.1866681
  0.82154898  0.67628864]
step Size : [ 0.79680874 -2.42919691 91.10720001  0.09507699  5.34068229  0.97082726
 -5.23978099  3.26116973]
position after: [ 8.45203306  0.10794294 -1.50858297 -0.91849952  2.18514485  9.45265026
  5.34354117 -6.20681261]
position before: [ 9.62192708 -5.68400484 -3.59718223  3.18563899  0.81147223  3.79256885
 -6.83219811 -1.22127199]
random position: [-1.67335226 -0.54799783  1.87442955  0.41276354 -0.85510772 -1.28525685
 -0.26389085 -0.31566893]
step Size : [-1.81608814e+01 -8.49181725e-01  1.22206705e+01 -6.16417637e-01
 -7.12031005e+00 -1.51972249e+01  9.03329802e-01 -1.59764812e-02]
position after: [ 3.07769127 -5.99000571  0.80651094  2.96351417 -1.75431668 -1.68371951
 -6.5066851  -1.22702909]
position before: [ 1.35161099 -9.45376878 -8.54832736  1.7903384   0.99274658  9.24010765
 -9.08679015  1.47210467]
random position: [ 1.26041156 -0.12118624  0.36216833  0.8273122   0.76189644 -0.44841606
  0.17846769  0.02330214]
step Size : [-8.76170794e+00 -4.26425701e-01  1.04048906e+00 -1.37304447e+00
  5.23920579e+00 -4.97439514e+00  2.73767805e-04  9.36340321e-03]
position after: [-2.41241251 -9.63696096 -8.10133399  1.20047947  3.24350567  7.10311103
 -9.08667254  1.47612718]
position before: [-8.70837208  2.46747519  7.2383911  -2.80653165  9.33313308  4.25458109
 -0.96721552 -7.64252805]
random position: [ 0.19910073 -0.57167469  1.27037481  2.10196194 -0.26927979  0.57676965
 -0.19282499  0.88398766]
step Size : [ -0.69964723  -3.47293707 -11.96497423  12.02479163  -2.73214691
   2.5931173    0.34837068   6.35766548]
position after: [-8.85825903  1.7234603   4.67510858 -0.23043431  8.74781929  4.81011026
 -0.8925833  -6.28051151]
position before: [ 3.1618726  -1.58396572  2.96364592  6.04059906 -6.70500243  3.49763056
 -1.7293313  -9.92597554]
random position: [ 0.6432852   0.89768053 -0.23006765 -0.41949294 -1.33447728  0.65242133
  0.00287835 -0.77191222]
step Size : [-4.68431634e+00  5.46357577e+00 -1.05566279e-01 -9.88120908e-01
  1.75453155e+00  3.04544848e+00 -4.64906686e-03  5.57772403e+00]
position after: [ 2.10793362 -0.35469873  2.93989424  5.81827865 -6.3102449   4.18283553
 -1.73037731 -8.67102598]
Prey Position: [-4.24536893 -5.54056116 -1.20740358  9.56169986  7.53194422  8.79581355
 -5.53830143 -1.04527053], Fitness: 298.84169190842175
Prey Position: [-5.01561907  4.72131732 -0.11806953 -0.18774519  7.05114394  6.51243161
 -0.9770473   0.45911135], Fitness: 123.90121535837748
Prey Position: [ 0.10185731  5.62684309  5.70942547  9.85241214 -7.41998091 -2.56735295
 -1.96212501  4.66590683], Fitness: 228.5933693808237
Prey Position: [-7.52780279  0.62578227  7.58903242 -1.74928539 -3.13323467 -4.68555969
 -2.33003728 -1.21640039], Fitness: 189.24817449039656
Prey Position: [ 6.97930051 -0.27000096 -2.74807604  6.81197823 -3.15574627 -9.42277924
 -4.82017203 -7.20780897], Fitness: 312.3391866910346
Prey Position: [ 8.45203306  0.10794294 -1.50858297 -0.91849952  2.18514485  9.45265026
  5.34354117 -6.20681261], Fitness: 209.95855408238302
Prey Position: [ 3.07769127 -5.99000571  0.80651094  2.96351417 -1.75431668 -1.68371951
 -6.5066851  -1.22702909], Fitness: 133.16839726134907
Prey Position: [-2.41241251 -9.63696096 -8.10133399  1.20047947  3.24350567  7.10311103
 -9.08667254  1.47612718], Fitness: 351.91291205351945
Prey Position: [-8.85825903  1.7234603   4.67510858 -0.23043431  8.74781929  4.81011026
 -0.8925833  -6.28051151], Fitness: 243.86242098753297
Prey Position: [ 2.10793362 -0.35469873  2.93989424  5.81827865 -6.3102449   4.18283553
 -1.73037731 -8.67102598], Fitness: 194.595550563902
****************************************
Eddy formation with the effect from FADs
****************************************
position before: [-4.24536893 -5.54056116 -1.20740358  9.56169986  7.53194422  8.79581355
 -5.53830143 -1.04527053]
position after: [ -8.43837634  -5.84633505   1.73272971  14.01424053   1.91708391
   5.31283343 -10.21366835  -2.67394375]
position before: [-5.01561907  4.72131732 -0.11806953 -0.18774519  7.05114394  6.51243161
 -0.9770473   0.45911135]
position after: [ 1.44800197  4.06361381 -3.23669649  4.88855246  4.92001569 12.46132264
 -0.57479732 -4.54142755]
position before: [ 0.10185731  5.62684309  5.70942547  9.85241214 -7.41998091 -2.56735295
 -1.96212501  4.66590683]
position after: [-0.54751871  9.63287013  4.09834418 10.61947474 -4.76048541  3.06896751
  0.40153147  3.34523124]
position before: [-7.52780279  0.62578227  7.58903242 -1.74928539 -3.13323467 -4.68555969
 -2.33003728 -1.21640039]
position after: [ -5.33338926  -7.62774802   6.63171219  -5.71689932  -4.4139254
  -3.76508109  -4.09180472 -11.1463988 ]
position before: [ 6.97930051 -0.27000096 -2.74807604  6.81197823 -3.15574627 -9.42277924
 -4.82017203 -7.20780897]
position after: [11.25805096  0.56312513 -5.71137931 11.22773944 -1.80279263 -8.36398224
 -6.04863138 -2.16178576]
position before: [ 8.45203306  0.10794294 -1.50858297 -0.91849952  2.18514485  9.45265026
  5.34354117 -6.20681261]
position after: [ 11.78130717  -8.72436515   0.33944835  -6.10051959 -10.24625225
   1.35329782   2.32184513 -10.80269094]
position before: [ 3.07769127 -5.99000571  0.80651094  2.96351417 -1.75431668 -1.68371951
 -6.5066851  -1.22702909]
position after: [ 4.06928082 -8.6206165   1.35692778  1.42010357 -5.45687857 -4.09602711
 -7.40666573 -2.59586348]
position before: [-2.41241251 -9.63696096 -8.10133399  1.20047947  3.24350567  7.10311103
 -9.08667254  1.47612718]
position after: [-11.22237157  -2.01434429  -5.73299562  12.05544377   6.82819756
   9.68009322 -12.77720652   3.41752652]
position before: [-8.85825903  1.7234603   4.67510858 -0.23043431  8.74781929  4.81011026
 -0.8925833  -6.28051151]
position after: [-11.11182569   4.82535017  -1.36818829  -1.81602577  12.72322911
   8.34528551  -2.96769611  -1.34963586]
position before: [ 2.10793362 -0.35469873  2.93989424  5.81827865 -6.3102449   4.18283553
 -1.73037731 -8.67102598]
position after: [ 11.64174007  -4.47347667   7.36021166  -0.81248122 -13.96955698
  -4.40609008   1.61796563 -12.42016276]
epoch :  1
................
Prey Position: [ -8.43837634  -5.84633505   1.73272971  14.01424053   1.91708391
   5.31283343 -10.21366835  -2.67394375], Fitness: 464.54839652175616
Prey Position: [ 1.44800197  4.06361381 -3.23669649  4.88855246  4.92001569 12.46132264
 -0.57479732 -4.54142755], Fitness: 222.57271838180267
Prey Position: [-0.54751871  9.63287013  4.09834418 10.61947474 -4.76048541  3.06896751
  0.40153147  3.34523124], Fitness: 222.3773845804755
Prey Position: [ -5.33338926  -7.62774802   6.63171219  -5.71689932  -4.4139254
  -3.76508109  -4.09180472 -11.1463988 ], Fitness: 416.8608391921458
Prey Position: [11.25805096  0.56312513 -5.71137931 11.22773944 -1.80279263 -8.36398224
 -6.04863138 -2.16178576], Fitness: 410.28763883755425
Prey Position: [ 11.78130717  -8.72436515   0.33944835  -6.10051959 -10.24625225
   1.35329782   2.32184513 -10.80269094], Fitness: 529.3073658770944
Prey Position: [ 4.06928082 -8.6206165   1.35692778  1.42010357 -5.45687857 -4.09602711
 -7.40666573 -2.59586348], Fitness: 253.54366719074113
Prey Position: [-11.22237157  -2.01434429  -5.73299562  12.05544377   6.82819756
   9.68009322 -12.77720652   3.41752652], Fitness: 630.9964642736918
Prey Position: [-11.11182569   4.82535017  -1.36818829  -1.81602577  12.72322911
   8.34528551  -2.96769611  -1.34963586], Fitness: 387.5186633840781
Prey Position: [ 11.64174007  -4.47347667   7.36021166  -0.81248122 -13.96955698
  -4.40609008   1.61796563 -12.42016276], Fitness: 620.7390553155851
First phase: Exploration phase
...............................
position before: [ -8.43837634  -5.84633505   1.73272971  14.01424053   1.91708391
   5.31283343 -10.21366835  -2.67394375]
random position: [-0.31644991  0.44267075  0.66201126  0.18308984 -0.42177573 -0.94991407
  1.28629237  0.92176991]
step Size : [  2.43221581   3.23562164  -0.83754758  -0.50415804  -3.31504056
 -10.98021524  15.64223658   2.69513748]
position after: [-7.97699966 -5.23255712  1.57385198 13.91860479  1.28824069  3.22995277
 -7.24643033 -2.16269241]
position before: [ 1.44800197  4.06361381 -3.23669649  4.88855246  4.92001569 12.46132264
 -0.57479732 -4.54142755]
random position: [-0.93015484  0.04309811  0.62452797  1.33194479 -1.66112017  1.66691614
 -1.36868736 -0.91719419]
step Size : [  3.41250839   0.19593192   1.1886878   -8.92273441 -25.28869628
 -23.76947113   2.41404304   3.39935981]
position after: [ 1.56572032  4.07037271 -3.19569136  4.58075262  4.04765341 11.64136776
 -0.49152217 -4.42416278]
position before: [-0.54751871  9.63287013  4.09834418 10.61947474 -4.76048541  3.06896751
  0.40153147  3.34523124]
random position: [-1.04885784 -0.47959315  0.47416241 -0.36161315 -1.1040969  -0.55882209
 -0.24517089 -0.99253908]
step Size : [ 5.86299824 -4.47996392 -0.97741483 -1.32075457 -1.9819718  -4.59767433
  0.21540799 -3.75118643]
position after: [ 1.3473205   8.18500832  3.78245735 10.19262529 -5.40103103  1.58306333
  0.47114832  2.13290013]
position before: [ -5.33338926  -7.62774802   6.63171219  -5.71689932  -4.4139254
  -3.76508109  -4.09180472 -11.1463988 ]
random position: [ 0.2457626  -0.57158286  0.71430982 -0.05335827  0.60069513 -2.0862953
  1.75229645 -0.18112006]
step Size : [-0.91051883 -0.20658563 -3.46809321  0.02629437  5.82828497  2.80114216
 10.85198515  0.2824975 ]
position after: [ -5.4495116   -7.65409476   6.18941152  -5.71354589  -3.67061945
  -3.40783952  -2.70780493 -11.11037069]
position before: [11.25805096  0.56312513 -5.71137931 11.22773944 -1.80279263 -8.36398224
 -6.04863138 -2.16178576]
random position: [ 2.24915903  2.05694348 -1.02819832  1.67662269  0.00685337 -2.92139543
 -0.15664382  1.39622625]
step Size : [-6.82322112e+01  7.32889119e+00  6.15942220e+00 -3.18766679e+01
  4.84088037e-02  5.23574473e+01  3.01465415e-01  4.85531171e+00]
position after: [-9.51726183  2.7946226  -3.83596122  1.52194602 -1.78805314  7.57778963
 -5.95684132 -0.68344265]
position before: [ 11.78130717  -8.72436515   0.33944835  -6.10051959 -10.24625225
   1.35329782   2.32184513 -10.80269094]
random position: [-0.75313387 -0.51475736 -1.49510932  0.74647633  0.22595449  0.15106593
  0.28344904  1.55231118]
step Size : [-2.90505003 -0.11859298 -0.58225966  3.25922638  2.11636445  0.95292305
 -0.46348795 26.7436039 ]
position after: [ 11.60786224  -8.7314457    0.30468476  -5.9059287  -10.1198955
   1.41019174   2.29417275  -9.20597401]
position before: [ 4.06928082 -8.6206165   1.35692778  1.42010357 -5.45687857 -4.09602711
 -7.40666573 -2.59586348]
random position: [-1.50799266 -0.63551526  0.02646099  1.05496878  0.94911014 -0.68969771
  0.59376252 -0.31584722]
step Size : [-1.69019823e+00  4.81222360e-01 -4.07433632e-03 -1.77858254e+00
  1.16079232e+01 -2.54319899e+00  2.03111501e+00  1.13952910e-01]
position after: [ 4.00265146 -8.60164622  1.35676717  1.34999001 -4.99928223 -4.19628264
 -7.32659708 -2.59137134]
position before: [-11.22237157  -2.01434429  -5.73299562  12.05544377   6.82819756
   9.68009322 -12.77720652   3.41752652]
random position: [ 2.45301374  2.32220833 -0.00768267  0.63116111  1.53460921  0.6829495
 -0.34276856 -0.4084483 ]
step Size : [ 5.52247292e+01  2.18265393e+01  1.24547002e-03 -4.92095645e+00
 -5.25982845e+00 -6.73273845e-02  1.83609871e+00 -7.57669246e-01]
position after: [ 14.49650597   8.15056007  -5.73241559   9.76369009   4.37862676
   9.64873797 -11.92211137   3.06467005]
position before: [-11.11182569   4.82535017  -1.36818829  -1.81602577  12.72322911
   8.34528551  -2.96769611  -1.34963586]
random position: [-1.40876797  0.77853957  0.29004996 -0.3692596  -1.04079207 -0.37214655
  1.60056289  0.06038358]
step Size : [ 29.11867479   0.75097249   0.08085822   0.31694664 -21.12118894
  -3.57934298   6.03882285   0.0326438 ]
position after: [ 0.47344276  5.12413498 -1.33601773 -1.68992415  4.31987128  6.92119428
 -0.56506672 -1.33664807]
position before: [ 11.64174007  -4.47347667   7.36021166  -0.81248122 -13.96955698
  -4.40609008   1.61796563 -12.42016276]
random position: [-0.29876671 -0.02428854  1.61972712  0.86477613  0.54042429  0.5457021
  0.40097124  0.88731883]
step Size : [  0.45934028  -0.11203486 -19.50087296   0.44524657   7.8905361
   4.86594061  -0.65190105  10.18620323]
position after: [ 11.65770712  -4.4773711    6.68234515  -0.79700408 -13.69527541
  -4.23694595   1.59530501 -12.06608189]
Prey Position: [-7.97699966 -5.23255712  1.57385198 13.91860479  1.28824069  3.22995277
 -7.24643033 -2.16269241], Fitness: 369.71295534892755
Prey Position: [ 1.56572032  4.07037271 -3.19569136  4.58075262  4.04765341 11.64136776
 -0.49152217 -4.42416278], Fitness: 194.34592261243876
Prey Position: [ 1.3473205   8.18500832  3.78245735 10.19262529 -5.40103103  1.58306333
  0.47114832  2.13290013], Fitness: 186.8677126462056
Prey Position: [ -5.4495116   -7.65409476   6.18941152  -5.71354589  -3.67061945
  -3.40783952  -2.70780493 -11.11037069], Fitness: 390.14387737201326
Prey Position: [-9.51726183  2.7946226  -3.83596122  1.52194602 -1.78805314  7.57778963
 -5.95684132 -0.68344265], Fitness: 239.76459253718787
Prey Position: [ 11.60786224  -8.7314457    0.30468476  -5.9059287  -10.1198955
   1.41019174   2.29417275  -9.20597401], Fitness: 485.0602128650935
Prey Position: [ 4.00265146 -8.60164622  1.35676717  1.34999001 -4.99928223 -4.19628264
 -7.32659708 -2.59137134], Fitness: 246.68020928976088
Prey Position: [ 14.49650597   8.15056007  -5.73241559   9.76369009   4.37862676
   9.64873797 -11.92211137   3.06467005], Fitness: 612.8734786455577
Prey Position: [ 0.47344276  5.12413498 -1.33601773 -1.68992415  4.31987128  6.92119428
 -0.56506672 -1.33664807], Fitness: 83.9698678076629
Prey Position: [ 11.65770712  -4.4773711    6.68234515  -0.79700408 -13.69527541
  -4.23694595   1.59530501 -12.06608189], Fitness: 593.5601915417691
****************************************
Eddy formation with the effect from FADs
****************************************
position before: [-7.97699966 -5.23255712  1.57385198 13.91860479  1.28824069  3.22995277
 -7.24643033 -2.16269241]
position after: [-7.97699966 -5.23255712  1.57385198 19.48530084  1.28824069  3.22995277
 -7.24643033 -2.16269241]
position before: [ 1.56572032  4.07037271 -3.19569136  4.58075262  4.04765341 11.64136776
 -0.49152217 -4.42416278]
position after: [ 1.56572032  4.07037271 -3.19569136  4.58075262  4.04765341 11.64136776
 -0.49152217 -6.68008606]
position before: [ 1.3473205   8.18500832  3.78245735 10.19262529 -5.40103103  1.58306333
  0.47114832  2.13290013]
position after: [ 1.3473205   8.18500832  3.78245735 10.19262529 -6.669322    1.58306333
  0.47114832 -5.95508543]
position before: [ -5.4495116   -7.65409476   6.18941152  -5.71354589  -3.67061945
  -3.40783952  -2.70780493 -11.11037069]
position after: [ -5.4495116   -7.65409476   6.18941152  -5.71354589  -3.67061945
  -3.40783952  -2.70780493 -11.11037069]
position before: [-9.51726183  2.7946226  -3.83596122  1.52194602 -1.78805314  7.57778963
 -5.95684132 -0.68344265]
position after: [-1.06293656  2.7946226  -3.83596122  1.52194602 -1.78805314  6.89074064
 -8.51910363 -0.68344265]
position before: [ 11.60786224  -8.7314457    0.30468476  -5.9059287  -10.1198955
   1.41019174   2.29417275  -9.20597401]
position after: [ 11.60786224  -6.37438615   0.30468476  -5.9059287  -10.1198955
   1.41019174   2.29417275 -10.26659032]
position before: [ 4.00265146 -8.60164622  1.35676717  1.34999001 -4.99928223 -4.19628264
 -7.32659708 -2.59137134]
position after: [  4.00265146 -15.14769422   7.0252979    1.34999001  -4.99928223
  -4.19628264 -11.59353971  -2.59137134]
position before: [ 14.49650597   8.15056007  -5.73241559   9.76369009   4.37862676
   9.64873797 -11.92211137   3.06467005]
position after: [ 14.49650597   8.15056007  -5.73241559   9.76369009   4.37862676
   9.64873797 -11.92211137   3.06467005]
position before: [ 0.47344276  5.12413498 -1.33601773 -1.68992415  4.31987128  6.92119428
 -0.56506672 -1.33664807]
position after: [ 0.47344276  5.12413498  4.90347341 -1.68992415  5.75856403  6.33800365
 -0.56506672 -1.33664807]
position before: [ 11.65770712  -4.4773711    6.68234515  -0.79700408 -13.69527541
  -4.23694595   1.59530501 -12.06608189]
position after: [  5.33068094  -4.4773711    6.68234515  -8.3884241  -13.69527541
  -4.23694595   3.10732591 -12.06608189]
epoch :  2
................
Prey Position: [-7.97699966 -5.23255712  1.57385198 19.48530084  1.28824069  3.22995277
 -7.24643033 -2.16269241], Fitness: 544.5289529329831
Prey Position: [ 1.56572032  4.07037271 -3.19569136  4.58075262  4.04765341 11.64136776
 -0.49152217 -6.68008606], Fitness: 223.9081026121894
Prey Position: [ 1.3473205   8.18500832  3.78245735 10.19262529 -6.669322    1.58306333
  0.47114832 -5.95508543], Fitness: 251.8027649234133
Prey Position: [ -5.4495116   -7.65409476   6.18941152  -5.71354589  -3.67061945
  -3.40783952  -2.70780493 -11.11037069], Fitness: 390.14387737201326
Prey Position: [-1.06293656  2.7946226  -3.83596122  1.52194602 -1.78805314  6.89074064
 -8.51910363 -0.68344265], Fitness: 167.05670473535045
Prey Position: [ 11.60786224  -6.37438615   0.30468476  -5.9059287  -10.1198955
   1.41019174   2.29417275 -10.26659032], Fitness: 467.5149005263053
Prey Position: [  4.00265146 -15.14769422   7.0252979    1.34999001  -4.99928223
  -4.19628264 -11.59353971  -2.59137134], Fitness: 540.6785834879745
Prey Position: [ 14.49650597   8.15056007  -5.73241559   9.76369009   4.37862676
   9.64873797 -11.92211137   3.06467005], Fitness: 612.8734786455577
Prey Position: [ 0.47344276  5.12413498  4.90347341 -1.68992415  5.75856403  6.33800365
 -0.56506672 -1.33664807], Fitness: 98.80612113775477
Prey Position: [  5.33068094  -4.4773711    6.68234515  -8.3884241  -13.69527541
  -4.23694595   3.10732591 -12.06608189], Fitness: 587.7279858167815
Second phase: Transition phase between exploration phase and ex-ploitation phase
...................................................................................
***************************
Brownian Motion Exploration
****************************
position before: [-7.97699966 -5.23255712  1.57385198 19.48530084  1.28824069  3.22995277
 -7.24643033 -2.16269241]
random position: [-0.01343438  0.01837249  0.03764091 -0.22428459  0.01728904  0.10116894
  0.02234783 -0.0938964 ]
step Size : [-0.0049207   0.09590937 -0.05251882 -0.60115642  0.07430138  0.66715081
 -0.00900896  0.14457389]
position after: [-7.97717071 -5.22922323  1.57202638 19.46440415  1.29082347  3.25314348
 -7.24674349 -2.15766691]
***************************
Brownian Motion Exploration
****************************
position before: [ 1.56572032  4.07037271 -3.19569136  4.58075262  4.04765341 11.64136776
 -0.49152217 -6.68008606]
random position: [ 0.34326303 -0.03226697 -0.01612809 -0.06658676 -0.17692294 -0.01743266
 -0.16558257  1.08497967]
step Size : [-0.02197266 -0.16957819  0.02237866  0.09221645 -0.89098286 -0.12419264
  0.10704155  6.41343364]
position after: [ 1.56495653  4.06447803 -3.19491346  4.58395814  4.01668211 11.63705072
 -0.48780131 -6.45714979]
***************************
Brownian Motion Exploration
****************************
position before: [ 1.3473205   8.18500832  3.78245735 10.19262529 -6.669322    1.58306333
  0.47114832 -5.95508543]
random position: [-0.01675137  0.00603436 -0.067472   -0.19704047  0.17065026 -0.03714384
  0.00673396 -0.05576502]
step Size : [-0.00830888  0.03062285  0.07292427 -0.06274468  0.93140789 -0.25926382
 -0.0038265   0.09305696]
position after: [ 1.34703167  8.18607279  3.78499226 10.19044423 -6.63694549  1.5740511
  0.47101531 -5.95185069]
***************************
Brownian Motion Exploration
****************************
position before: [ -5.4495116   -7.65409476   6.18941152  -5.71354589  -3.67061945
  -3.40783952  -2.70780493 -11.11037069]
random position: [ 0.02453204  0.03632781 -0.07990204 -0.00630399  0.00293038  0.02126684
  0.02419112 -0.0205785 ]
step Size : [ 0.01489415  0.19624979  0.06723526  0.01088033  0.01269036  0.14873324
 -0.01208496  0.03221117]
position after: [ -5.44899386  -7.64727296   6.19174868  -5.71316768  -3.67017832
  -3.40266943  -2.70822502 -11.109251  ]
***************************
Brownian Motion Exploration
****************************
position before: [-1.06293656  2.7946226  -3.83596122  1.52194602 -1.78805314  6.89074064
 -8.51910363 -0.68344265]
random position: [-0.03512131 -0.11580779  0.0457599  -0.09127    -0.01778876 -0.03718461
  0.2066681  -0.05033608]
step Size : [-0.01531679 -0.63089466 -0.05310365  0.14156124 -0.07627933 -0.26688968
  0.24708417  0.06901328]
position after: [-1.06346899  2.77269218 -3.83780715  1.52686681 -1.79070467  6.88146333
 -8.51051478 -0.68104369]
************************
Levy Motion Exploration
************************
position before: [ 11.60786224  -6.37438615   0.30468476  -5.9059287  -10.1198955
   1.41019174   2.29417275 -10.26659032]
random position: [-0.02417336  0.23861604  0.3823729   0.08666058 -0.23439817  0.12353796
 -1.09440036  1.85538846]
step Size : [ 0.28087765  1.81278677 -0.31184106  0.49911977 -2.13474047 -0.06858352
  1.83395621 14.44714719]
position after: [ 0.54366217  5.57733168 -1.41397799 -1.56514421  3.78618616  6.9040484
 -0.10657767  2.27513873]
************************
Levy Motion Exploration
************************
position before: [  4.00265146 -15.14769422   7.0252979    1.34999001  -4.99928223
  -4.19628264 -11.59353971  -2.59137134]
random position: [ 0.5987951   0.82400265  0.66143262  2.83839903  0.47537922  0.61426453
 -0.70323821 -0.1777893 ]
step Size : [ -2.22701256  15.96092717  -5.23125971 -17.44669961   3.35278275
   5.18913888  -8.43247043  -0.50296824]
position after: [-0.08331038  9.11436678 -2.64383266 -6.05159906  5.15806697  8.218479
 -2.67318433 -1.46239013]
************************
Levy Motion Exploration
************************
position before: [ 14.49650597   8.15056007  -5.73241559   9.76369009   4.37862676
   9.64873797 -11.92211137   3.06467005]
random position: [-0.70552083  2.24551331  0.27443264 -1.03401683  0.6037304   1.35419561
 -0.1261882  -0.12798178]
step Size : [10.46324769  7.53538856  1.47254209  8.28896852 -1.06895849 -0.37387586
 -1.51342756  0.37032853]
position after: [ 3.08925468  7.00798212 -0.96788221  0.38231797  4.05263166  6.82772532
 -0.94342361 -1.24406594]
************************
Levy Motion Exploration
************************
position before: [ 0.47344276  5.12413498  4.90347341 -1.68992415  5.75856403  6.33800365
 -0.56506672 -1.33664807]
random position: [-2.3244749   0.41900282  2.15504351 -0.65970639 -0.60871162 -0.41529195
 -1.1302974  -0.60460788]
step Size : [  3.65860397  -1.24741664 -16.77194881  -1.85032991   5.10594603
   3.82580228  -1.36060699  -1.29676058]
position after: [ 1.38809375  4.81228082 -5.52900493 -2.15250663  5.59635779  7.87764485
 -0.90521847 -1.66083822]
************************
Levy Motion Exploration
************************
position before: [  5.33068094  -4.4773711    6.68234515  -8.3884241  -13.69527541
  -4.23694595   3.10732591 -12.06608189]
random position: [-0.72938711  0.60803521  1.06477255  0.77500756  0.58368532 -1.76149111
 -0.12573265 -0.88094961]
step Size : [  4.14000416   4.61682687  -8.62987517   5.48606162   9.465462
  14.01209158   0.38175935 -11.66694555]
position after: [ 1.5084438   6.2783417  -3.49348652 -0.31840875  6.68623678 10.42421718
 -0.46962688 -4.25338446]
Prey Position: [-7.97717071 -5.22922323  1.57202638 19.46440415  1.29082347  3.25314348
 -7.24674349 -2.15766691], Fitness: 543.7951228836027
Prey Position: [ 1.56495653  4.06447803 -3.19491346  4.58395814  4.01668211 11.63705072
 -0.48780131 -6.45714979], Fitness: 220.22211096551547
Prey Position: [ 1.34703167  8.18607279  3.78499226 10.19044423 -6.63694549  1.5740511
  0.47101531 -5.95185069], Fitness: 251.2410442131195
Prey Position: [ -5.44899386  -7.64727296   6.19174868  -5.71316768  -3.67017832
  -3.40266943  -2.70822502 -11.109251  ], Fitness: 389.96468242910584
Prey Position: [-1.06346899  2.77269218 -3.83780715  1.52686681 -1.79070467  6.88146333
 -8.51051478 -0.68104369], Fitness: 166.7377511754032
Prey Position: [ 0.54366217  5.57733168 -1.41397799 -1.56514421  3.78618616  6.9040484
 -0.10657767  2.27513873], Fitness: 79.03857787964438
Prey Position: [-0.08331038  9.11436678 -2.64383266 -6.05159906  5.15806697  8.218479
 -2.67318433 -1.46239013], Fitness: 218.97068353969888
Prey Position: [ 3.08925468  7.00798212 -0.96788221  0.38231797  4.05263166  6.82772532
 -0.94342361 -1.24406594], Fitness: 96.80859548057818
Prey Position: [ 1.38809375  4.81228082 -5.52900493 -2.15250663  5.59635779  7.87764485
 -0.90521847 -1.66083822], Fitness: 146.38872638860886
Prey Position: [ 1.5084438   6.2783417  -3.49348652 -0.31840875  6.68623678 10.42421718
 -0.46962688 -4.25338446], Fitness: 200.95603857228173
****************************************
Eddy formation with the effect from FADs
****************************************
position before: [-7.97717071 -5.22922323  1.57202638 19.46440415  1.29082347  3.25314348
 -7.24674349 -2.15766691]
position after: [-8.91741748 -5.66320433  0.06982816 19.04762055  2.85725923  5.39229238
 -6.96493505 -3.94757236]
position before: [ 1.56495653  4.06447803 -3.19491346  4.58395814  4.01668211 11.63705072
 -0.48780131 -6.45714979]
position after: [  2.36900244   3.33601639  -7.11313571   4.02468682   5.74028072
  12.56408409  -1.24824643 -10.20488526]
position before: [ 1.34703167  8.18607279  3.78499226 10.19044423 -6.63694549  1.5740511
  0.47101531 -5.95185069]
position after: [ 5.52516677 15.80008944 -3.3775446  12.36635944 -0.97417767  8.46743608
  1.5728302  -0.17793827]
position before: [ -5.44899386  -7.64727296   6.19174868  -5.71316768  -3.67017832
  -3.40266943  -2.70822502 -11.109251  ]
position after: [-2.83178723 -2.40881984  2.54841575 -3.68380004  0.22563499  1.79864476
 -1.86612277 -8.53025278]
position before: [-1.06346899  2.77269218 -3.83780715  1.52686681 -1.79070467  6.88146333
 -8.51051478 -0.68104369]
position after: [ 1.15737912  4.02083277 -3.44862036  3.22588882 -1.55824996  6.81487687
 -9.24060324 -3.75129904]
position before: [ 0.54366217  5.57733168 -1.41397799 -1.56514421  3.78618616  6.9040484
 -0.10657767  2.27513873]
position after: [-12.24659049 -13.43041276   1.63899146   4.3517344    7.17928017
   4.18072243  -7.66756349  -1.06322314]
position before: [-0.08331038  9.11436678 -2.64383266 -6.05159906  5.15806697  8.218479
 -2.67318433 -1.46239013]
position after: [ 7.77238706 18.12611164 -7.34799097 -6.22738301  4.38462286 12.72443049
  0.77711788 -6.37591859]
position before: [ 3.08925468  7.00798212 -0.96788221  0.38231797  4.05263166  6.82772532
 -0.94342361 -1.24406594]
position after: [ 1.55921668  5.31788922  1.87448247 -1.88546799  2.43025928  3.66060412
 -1.12519875 -0.75140011]
position before: [ 1.38809375  4.81228082 -5.52900493 -2.15250663  5.59635779  7.87764485
 -0.90521847 -1.66083822]
position after: [ 1.67490743  6.65662598 -5.5656598  -5.04813553 12.33195872 10.82641252
  6.26051524 -2.07103319]
position before: [ 1.5084438   6.2783417  -3.49348652 -0.31840875  6.68623678 10.42421718
 -0.46962688 -4.25338446]
position after: [ 5.89122188 11.29827672 -4.9914172  -8.45941565  8.29584566 12.53951577
  2.26084243 -4.38194042]
epoch :  3
................
Prey Position: [-8.91741748 -5.66320433  0.06982816 19.04762055  2.85725923  5.39229238
 -6.96493505 -3.94757236], Fitness: 579.9955955318558
Prey Position: [  2.36900244   3.33601639  -7.11313571   4.02468682   5.74028072
  12.56408409  -1.24824643 -10.20488526], Fitness: 369.1052095076328
Prey Position: [ 5.52516677 15.80008944 -3.3775446  12.36635944 -0.97417767  8.46743608
  1.5728302  -0.17793827], Fitness: 449.2524574327177
Prey Position: [-2.83178723 -2.40881984  2.54841575 -3.68380004  0.22563499  1.79864476
 -1.86612277 -8.53025278], Fitness: 150.91607274324727
Prey Position: [ 1.15737912  4.02083277 -3.44862036  3.22588882 -1.55824996  6.81487687
 -9.24060324 -3.75129904], Fitness: 201.69723622196898
Prey Position: [-12.24659049 -13.43041276   1.63899146   4.3517344    7.17928017
   4.18072243  -7.66756349  -1.06322314], Fitness: 523.035450514605
Prey Position: [ 7.77238706 18.12611164 -7.34799097 -6.22738301  4.38462286 12.72443049
  0.77711788 -6.37591859], Fitness: 664.4647388627609
Prey Position: [ 1.55921668  5.31788922  1.87448247 -1.88546799  2.43025928  3.66060412
 -1.12519875 -0.75140011], Fitness: 44.75586366556178
**CHANGED** top_preditor_position: [ 1.55921668  5.31788922  1.87448247 -1.88546799  2.43025928  3.66060412
 -1.12519875 -0.75140011], top_preditor_fitness: 44.75586366556178
Prey Position: [ 1.67490743  6.65662598 -5.5656598  -5.04813553 12.33195872 10.82641252
  6.26051524 -2.07103319], Fitness: 374.21668647627234
Prey Position: [ 5.89122188 11.29827672 -4.9914172  -8.45941565  8.29584566 12.53951577
  2.26084243 -4.38194042], Fitness: 472.3009738051583
.............................
Third phase: Exploitation phase
.............................
position before: [ 5.89122188 11.29827672 -4.9914172  -8.45941565  8.29584566 12.53951577
  2.26084243 -4.38194042]
random position: [ 0.15651823 -0.004995    0.02405881  0.0493123   0.01290735 -0.04804225
  0.02775705 -0.31717306]
step Size : [-0.88388601  0.05656755  0.12117258  0.41256838 -0.10667249  0.61087549
 -0.06362124 -1.46542338]
position after: [ 1.50397381  5.32142469  1.88205575 -1.85968246  2.42359225  3.69878384
 -1.12917508 -0.84298908]
Prey Position: [-8.91741748 -5.66320433  0.06982816 19.04762055  2.85725923  5.39229238
 -6.96493505 -3.94757236], Fitness: 579.9955955318558
Prey Position: [  2.36900244   3.33601639  -7.11313571   4.02468682   5.74028072
  12.56408409  -1.24824643 -10.20488526], Fitness: 369.1052095076328
Prey Position: [ 5.52516677 15.80008944 -3.3775446  12.36635944 -0.97417767  8.46743608
  1.5728302  -0.17793827], Fitness: 449.2524574327177
Prey Position: [-2.83178723 -2.40881984  2.54841575 -3.68380004  0.22563499  1.79864476
 -1.86612277 -8.53025278], Fitness: 150.91607274324727
Prey Position: [ 1.15737912  4.02083277 -3.44862036  3.22588882 -1.55824996  6.81487687
 -9.24060324 -3.75129904], Fitness: 201.69723622196898
Prey Position: [-12.24659049 -13.43041276   1.63899146   4.3517344    7.17928017
   4.18072243  -7.66756349  -1.06322314], Fitness: 523.035450514605
Prey Position: [ 7.77238706 18.12611164 -7.34799097 -6.22738301  4.38462286 12.72443049
  0.77711788 -6.37591859], Fitness: 664.4647388627609
Prey Position: [ 1.55921668  5.31788922  1.87448247 -1.88546799  2.43025928  3.66060412
 -1.12519875 -0.75140011], Fitness: 44.75586366556178
Prey Position: [ 1.67490743  6.65662598 -5.5656598  -5.04813553 12.33195872 10.82641252
  6.26051524 -2.07103319], Fitness: 374.21668647627234
Prey Position: [ 1.50397381  5.32142469  1.88205575 -1.85968246  2.42359225  3.69878384
 -1.12917508 -0.84298908], Fitness: 45.12455143135347
****************************************
Eddy formation with the effect from FADs
****************************************
position before: [-8.91741748 -5.66320433  0.06982816 19.04762055  2.85725923  5.39229238
 -6.96493505 -3.94757236]
position after: [-9.11495979 -4.71814508  0.51024621 16.46545772  4.73327811  4.89774385
 -4.82791036 -1.63264436]
position before: [  2.36900244   3.33601639  -7.11313571   4.02468682   5.74028072
  12.56408409  -1.24824643 -10.20488526]
position after: [ -0.72241174  -0.87978851  -7.16778164   5.42114313   6.80945874
  12.67243395  -2.71821278 -10.25439848]
position before: [ 5.52516677 15.80008944 -3.3775446  12.36635944 -0.97417767  8.46743608
  1.5728302  -0.17793827]
position after: [-9.08066232 -7.22352406  3.17935018 20.08487455  1.06480194  2.2339539
 -4.58840218  3.69819984]
position before: [-2.83178723 -2.40881984  2.54841575 -3.68380004  0.22563499  1.79864476
 -1.86612277 -8.53025278]
position after: [ 1.00319217  6.17139933  2.46706019 -8.94253057 -0.86905788  1.82211862
 -0.28815472 -6.7793119 ]
position before: [ 1.15737912  4.02083277 -3.44862036  3.22588882 -1.55824996  6.81487687
 -9.24060324 -3.75129904]
position after: [-8.58419999 -4.26661226  0.30569618 15.78138459  4.40820217  4.99679989
 -5.05590907 -1.74211278]
position before: [-12.24659049 -13.43041276   1.63899146   4.3517344    7.17928017
   4.18072243  -7.66756349  -1.06322314]
position after: [-17.61036018 -17.5014006    8.27909295  13.76194261   3.49274125
  -2.51800028  -8.86772675   7.89062711]
position before: [ 7.77238706 18.12611164 -7.34799097 -6.22738301  4.38462286 12.72443049
  0.77711788 -6.37591859]
position after: [ 13.83302831  25.94741835 -12.27570465 -20.38954839  10.73353758
  17.56618322   6.89035948  -9.62681579]
position before: [ 1.55921668  5.31788922  1.87448247 -1.88546799  2.43025928  3.66060412
 -1.12519875 -0.75140011]
position after: [-15.29852584 -19.08617627  13.24486096  27.89181285  -4.68308874
  -7.61941089  -9.570194     9.05189549]
position before: [ 1.67490743  6.65662598 -5.5656598  -5.04813553 12.33195872 10.82641252
  6.26051524 -2.07103319]
position after: [  6.66204666  13.09256963  -9.6205433  -16.7018018   17.55631046
  14.81056105  11.29093789  -4.74610936]
position before: [ 1.50397381  5.32142469  1.88205575 -1.85968246  2.42359225  3.69878384
 -1.12917508 -0.84298908]
position after: [ 14.72266977  23.5871637   -6.7591128  -16.21685571   5.46759895
  12.14210779   5.49547197  -8.20726382]
xxxxxxxxxxxxxxxxxxxxxxxxxxxxxxxxxxxxxxxxxxxxxxxx
Final Top Predator Fitness: 44.75586366556178
Final Top Predator Position: [ 1.55921668  5.31788922  1.87448247 -1.88546799  2.43025928  3.66060412
 -1.12519875 -0.75140011]
