Initial values for gene,0
Position: [0.75066843 0.04172684 0.66735992 0.95234146 0.76158108 0.68526618
 0.05708242 0.40618372 0.81343661 0.69057552]
Velocity: [0. 0. 0. 0. 0. 0. 0. 0. 0. 0.]
Local Best Position: [0.75066843 0.04172684 0.66735992 0.95234146 0.76158108 0.68526618
 0.05708242 0.40618372 0.81343661 0.69057552]
Fitness: 0.2621536122498605
--------------------
Position: [0.95968952 0.05328897 0.84518365 0.30716812 0.2633145  0.45959421
 0.83196845 0.94861015 0.23458632 0.46606958]
Velocity: [0. 0. 0. 0. 0. 0. 0. 0. 0. 0.]
Local Best Position: [0.95968952 0.05328897 0.84518365 0.30716812 0.2633145  0.45959421
 0.83196845 0.94861015 0.23458632 0.46606958]
Fitness: 0.3138430069536788
--------------------
Position: [0.98787939 0.29514903 0.0182146  0.50986435 0.11939861 0.06229793
 0.05082786 0.75263793 0.07294284 0.20705338]
Velocity: [0. 0. 0. 0. 0. 0. 0. 0. 0. 0.]
Local Best Position: [0.98787939 0.29514903 0.0182146  0.50986435 0.11939861 0.06229793
 0.05082786 0.75263793 0.07294284 0.20705338]
Fitness: 0.5806156365329536
--------------------
Position: [0.20655613 0.83854339 0.47998766 0.41034806 0.98389614 0.25249839
 0.79340416 0.98996575 0.37527596 0.73894789]
Velocity: [0. 0. 0. 0. 0. 0. 0. 0. 0. 0.]
Local Best Position: [0.20655613 0.83854339 0.47998766 0.41034806 0.98389614 0.25249839
 0.79340416 0.98996575 0.37527596 0.73894789]
Fitness: 0.23339525035471645
--------------------
Position: [0.90313389 0.3684111  0.34417715 0.26537112 0.30524633 0.66083207
 0.20514854 0.35958246 0.78513581 0.26336848]
Velocity: [0. 0. 0. 0. 0. 0. 0. 0. 0. 0.]
Local Best Position: [0.90313389 0.3684111  0.34417715 0.26537112 0.30524633 0.66083207
 0.20514854 0.35958246 0.78513581 0.26336848]
Fitness: 0.36065044269378344
--------------------
Position: [0.77473407 0.5460137  0.66495502 0.47476569 0.55692558 0.13603022
 0.79123707 0.95045253 0.99675474 0.28309721]
Velocity: [0. 0. 0. 0. 0. 0. 0. 0. 0. 0.]
Local Best Position: [0.77473407 0.5460137  0.66495502 0.47476569 0.55692558 0.13603022
 0.79123707 0.95045253 0.99675474 0.28309721]
Fitness: 0.21477303006844242
--------------------
Position: [0.07547593 0.93521566 0.78891267 0.77778981 0.17736595 0.3951583
 0.31675524 0.73683879 0.1536402  0.11399913]
Velocity: [0. 0. 0. 0. 0. 0. 0. 0. 0. 0.]
Local Best Position: [0.07547593 0.93521566 0.78891267 0.77778981 0.17736595 0.3951583
 0.31675524 0.73683879 0.1536402  0.11399913]
Fitness: 0.40328369365725686
--------------------
Position: [0.15435662 0.59109774 0.12199004 0.28870881 0.88112721 0.92014136
 0.89945724 0.12912649 0.40853098 0.93107134]
Velocity: [0. 0. 0. 0. 0. 0. 0. 0. 0. 0.]
Local Best Position: [0.15435662 0.59109774 0.12199004 0.28870881 0.88112721 0.92014136
 0.89945724 0.12912649 0.40853098 0.93107134]
Fitness: 0.3302774867598084
--------------------
Position: [7.03373806e-01 2.42163162e-05 9.04544827e-01 2.73414465e-01
 5.85881279e-01 5.25541467e-01 4.49026237e-01 6.89560068e-02
 1.96062880e-01 2.32930134e-01]
Velocity: [0. 0. 0. 0. 0. 0. 0. 0. 0. 0.]
Local Best Position: [7.03373806e-01 2.42163162e-05 9.04544827e-01 2.73414465e-01
 5.85881279e-01 5.25541467e-01 4.49026237e-01 6.89560068e-02
 1.96062880e-01 2.32930134e-01]
Fitness: 0.44267081884573634
--------------------
Position: [0.27283029 0.87196686 0.02151564 0.3596481  0.42944889 0.36042462
 0.00857301 0.96799498 0.07662437 0.84561307]
Velocity: [0. 0. 0. 0. 0. 0. 0. 0. 0. 0.]
Local Best Position: [0.27283029 0.87196686 0.02151564 0.3596481  0.42944889 0.36042462
 0.00857301 0.96799498 0.07662437 0.84561307]
Fitness: 0.4507645360577562
--------------------
Position: [0.97154794 0.45515301 0.77597456 0.66161388 0.92075744 0.65255536
 0.12013903 0.72053889 0.43834468 0.55751126]
Velocity: [0. 0. 0. 0. 0. 0. 0. 0. 0. 0.]
Local Best Position: [0.97154794 0.45515301 0.77597456 0.66161388 0.92075744 0.65255536
 0.12013903 0.72053889 0.43834468 0.55751126]
Fitness: 0.19528643055317557
--------------------
Position: [0.55998001 0.08318249 0.50606136 0.77255163 0.51643343 0.19315035
 0.03183166 0.14456909 0.88968995 0.3997592 ]
Velocity: [0. 0. 0. 0. 0. 0. 0. 0. 0. 0.]
Local Best Position: [0.55998001 0.08318249 0.50606136 0.77255163 0.51643343 0.19315035
 0.03183166 0.14456909 0.88968995 0.3997592 ]
Fitness: 0.4256292366496691
--------------------
Position: [0.25144865 0.76337112 0.76020585 0.89000849 0.55217356 0.64112383
 0.47676295 0.14715408 0.69960511 0.07138612]
Velocity: [0. 0. 0. 0. 0. 0. 0. 0. 0. 0.]
Local Best Position: [0.25144865 0.76337112 0.76020585 0.89000849 0.55217356 0.64112383
 0.47676295 0.14715408 0.69960511 0.07138612]
Fitness: 0.2968946360867804
--------------------
Position: [0.52712459 0.31574339 0.08843762 0.44689262 0.85079224 0.4064148
 0.63648951 0.97744242 0.52911677 0.72830612]
Velocity: [0. 0. 0. 0. 0. 0. 0. 0. 0. 0.]
Local Best Position: [0.52712459 0.31574339 0.08843762 0.44689262 0.85079224 0.4064148
 0.63648951 0.97744242 0.52911677 0.72830612]
Fitness: 0.2631495644533721
--------------------
Position: [0.36794274 0.37338686 0.69194183 0.66002634 0.72058142 0.32926264
 0.43274077 0.69362866 0.53308616 0.37760188]
Velocity: [0. 0. 0. 0. 0. 0. 0. 0. 0. 0.]
Local Best Position: [0.36794274 0.37338686 0.69194183 0.66002634 0.72058142 0.32926264
 0.43274077 0.69362866 0.53308616 0.37760188]
Fitness: 0.2551620084289604
--------------------
Position: [0.69521418 0.78717953 0.56557763 0.77438108 0.75933051 0.43782443
 0.6304656  0.77184258 0.94858443 0.46774903]
Velocity: [0. 0. 0. 0. 0. 0. 0. 0. 0. 0.]
Local Best Position: [0.69521418 0.78717953 0.56557763 0.77438108 0.75933051 0.43782443
 0.6304656  0.77184258 0.94858443 0.46774903]
Fitness: 0.1226322951586469
--------------------
Position: [0.61128744 0.63225206 0.00174747 0.42667339 0.55452434 0.86205974
 0.6637559  0.06742552 0.45894329 0.92380241]
Velocity: [0. 0. 0. 0. 0. 0. 0. 0. 0. 0.]
Local Best Position: [0.61128744 0.63225206 0.00174747 0.42667339 0.55452434 0.86205974
 0.6637559  0.06742552 0.45894329 0.92380241]
Fitness: 0.3110327264130003
--------------------
Position: [0.64413813 0.1868498  0.36176478 0.06926311 0.78215626 0.10794024
 0.33255333 0.14043683 0.76486854 0.03346869]
Velocity: [0. 0. 0. 0. 0. 0. 0. 0. 0. 0.]
Local Best Position: [0.64413813 0.1868498  0.36176478 0.06926311 0.78215626 0.10794024
 0.33255333 0.14043683 0.76486854 0.03346869]
Fitness: 0.5078496273599313
--------------------
Position: [0.3524285  0.20152526 0.14327347 0.99927304 0.32519097 0.33460949
 0.84844013 0.25035364 0.28420213 0.32408527]
Velocity: [0. 0. 0. 0. 0. 0. 0. 0. 0. 0.]
Local Best Position: [0.3524285  0.20152526 0.14327347 0.99927304 0.32519097 0.33460949
 0.84844013 0.25035364 0.28420213 0.32408527]
Fitness: 0.4243170778530012
--------------------
Position: [0.95739955 0.01673091 0.47269685 0.65334571 0.17701125 0.06433336
 0.69582161 0.10088597 0.20936162 0.9594037 ]
Velocity: [0. 0. 0. 0. 0. 0. 0. 0. 0. 0.]
Local Best Position: [0.95739955 0.01673091 0.47269685 0.65334571 0.17701125 0.06433336
 0.69582161 0.10088597 0.20936162 0.9594037 ]
Fitness: 0.44473209018090937
--------------------
Position: [0.37554398 0.21818064 0.36103294 0.56176274 0.72203097 0.96752624
 0.4467443  0.40849685 0.12609525 0.55740863]
Velocity: [0. 0. 0. 0. 0. 0. 0. 0. 0. 0.]
Local Best Position: [0.37554398 0.21818064 0.36103294 0.56176274 0.72203097 0.96752624
 0.4467443  0.40849685 0.12609525 0.55740863]
Fitness: 0.3295403455372355
--------------------
Position: [0.89019375 0.52351067 0.40305694 0.70820509 0.41182953 0.50807511
 0.22609104 0.50428038 0.2638515  0.24321925]
Velocity: [0. 0. 0. 0. 0. 0. 0. 0. 0. 0.]
Local Best Position: [0.89019375 0.52351067 0.40305694 0.70820509 0.41182953 0.50807511
 0.22609104 0.50428038 0.2638515  0.24321925]
Fitness: 0.32278241186543727
--------------------
Position: [0.72867417 0.92879879 0.79620755 0.43050713 0.53059127 0.99960525
 0.39673359 0.54507694 0.16354663 0.83950837]
Velocity: [0. 0. 0. 0. 0. 0. 0. 0. 0. 0.]
Local Best Position: [0.72867417 0.92879879 0.79620755 0.43050713 0.53059127 0.99960525
 0.39673359 0.54507694 0.16354663 0.83950837]
Fitness: 0.19611826844124397
--------------------
Position: [0.51956432 0.29509903 0.6574047  0.78091811 0.24057188 0.82108338
 0.81858042 0.57462119 0.3090019  0.9390267 ]
Velocity: [0. 0. 0. 0. 0. 0. 0. 0. 0. 0.]
Local Best Position: [0.51956432 0.29509903 0.6574047  0.78091811 0.24057188 0.82108338
 0.81858042 0.57462119 0.3090019  0.9390267 ]
Fitness: 0.21968707615262165
--------------------
Position: [0.01834188 0.54736739 0.57583275 0.92439142 0.89795726 0.67558011
 0.96947415 0.54553511 0.94591757 0.23116581]
Velocity: [0. 0. 0. 0. 0. 0. 0. 0. 0. 0.]
Local Best Position: [0.01834188 0.54736739 0.57583275 0.92439142 0.89795726 0.67558011
 0.96947415 0.54553511 0.94591757 0.23116581]
Fitness: 0.22713255327298673
--------------------
Position: [0.44053357 0.88751481 0.8437663  0.88899569 0.30504863 0.05088492
 0.79057644 0.11009055 0.35442761 0.72389432]
Velocity: [0. 0. 0. 0. 0. 0. 0. 0. 0. 0.]
Local Best Position: [0.44053357 0.88751481 0.8437663  0.88899569 0.30504863 0.05088492
 0.79057644 0.11009055 0.35442761 0.72389432]
Fitness: 0.3074958485659264
--------------------
Position: [0.10939617 0.23859206 0.89953332 0.54342059 0.27543467 0.77602713
 0.86052269 0.97840101 0.48517857 0.80697788]
Velocity: [0. 0. 0. 0. 0. 0. 0. 0. 0. 0.]
Local Best Position: [0.10939617 0.23859206 0.89953332 0.54342059 0.27543467 0.77602713
 0.86052269 0.97840101 0.48517857 0.80697788]
Fitness: 0.24888533962674972
--------------------
Position: [0.77923365 0.65495896 0.92488091 0.0320032  0.93206593 0.78036512
 0.26047715 0.13254158 0.03886419 0.23473545]
Velocity: [0. 0. 0. 0. 0. 0. 0. 0. 0. 0.]
Local Best Position: [0.77923365 0.65495896 0.92488091 0.0320032  0.93206593 0.78036512
 0.26047715 0.13254158 0.03886419 0.23473545]
Fitness: 0.39720963386872554
--------------------
Position: [0.74374481 0.35629119 0.94612458 0.84697135 0.4498596  0.88497467
 0.89057796 0.29397878 0.51929089 0.04370742]
Velocity: [0. 0. 0. 0. 0. 0. 0. 0. 0. 0.]
Local Best Position: [0.74374481 0.35629119 0.94612458 0.84697135 0.4498596  0.88497467
 0.89057796 0.29397878 0.51929089 0.04370742]
Fitness: 0.24782492729238798
--------------------
Position: [0.2401961  0.27415723 0.64553923 0.92658833 0.91445009 0.37365069
 0.91075709 0.75145706 0.36721731 0.14843874]
Velocity: [0. 0. 0. 0. 0. 0. 0. 0. 0. 0.]
Local Best Position: [0.2401961  0.27415723 0.64553923 0.92658833 0.91445009 0.37365069
 0.91075709 0.75145706 0.36721731 0.14843874]
Fitness: 0.28301220640856023
--------------------
Position: [0.87023893 0.25417202 0.55137961 0.11577467 0.14321747 0.37487421
 0.67591182 0.66055491 0.26209296 0.21387838]
Velocity: [0. 0. 0. 0. 0. 0. 0. 0. 0. 0.]
Local Best Position: [0.87023893 0.25417202 0.55137961 0.11577467 0.14321747 0.37487421
 0.67591182 0.66055491 0.26209296 0.21387838]
Fitness: 0.406382068540435
--------------------
Position: [0.27585777 0.13504099 0.55142165 0.54770209 0.94714675 0.62557956
 0.52844663 0.70039164 0.22266551 0.55029726]
Velocity: [0. 0. 0. 0. 0. 0. 0. 0. 0. 0.]
Local Best Position: [0.27585777 0.13504099 0.55142165 0.54770209 0.94714675 0.62557956
 0.52844663 0.70039164 0.22266551 0.55029726]
Fitness: 0.2939925352553071
--------------------
Position: [0.41676248 0.03889812 0.7670891  0.36581245 0.31040402 0.22450798
 0.16283107 0.58909728 0.50669171 0.98098059]
Velocity: [0. 0. 0. 0. 0. 0. 0. 0. 0. 0.]
Local Best Position: [0.41676248 0.03889812 0.7670891  0.36581245 0.31040402 0.22450798
 0.16283107 0.58909728 0.50669171 0.98098059]
Fitness: 0.3910662323259103
--------------------
Position: [0.12841174 0.6524518  0.61481258 0.50985542 0.93158205 0.21530427
 0.45730558 0.01469003 0.58235053 0.50648141]
Velocity: [0. 0. 0. 0. 0. 0. 0. 0. 0. 0.]
Local Best Position: [0.12841174 0.6524518  0.61481258 0.50985542 0.93158205 0.21530427
 0.45730558 0.01469003 0.58235053 0.50648141]
Fitness: 0.357283996751217
--------------------
Position: [0.7127514  0.32778676 0.30762834 0.76352948 0.44794496 0.65703735
 0.88684898 0.65387582 0.34350349 0.45338168]
Velocity: [0. 0. 0. 0. 0. 0. 0. 0. 0. 0.]
Local Best Position: [0.7127514  0.32778676 0.30762834 0.76352948 0.44794496 0.65703735
 0.88684898 0.65387582 0.34350349 0.45338168]
Fitness: 0.23544517288770903
--------------------
Position: [0.99992598 0.16137721 0.87844926 0.16584744 0.06420026 0.59720286
 0.34400166 0.36804629 0.30817062 0.26727441]
Velocity: [0. 0. 0. 0. 0. 0. 0. 0. 0. 0.]
Local Best Position: [0.99992598 0.16137721 0.87844926 0.16584744 0.06420026 0.59720286
 0.34400166 0.36804629 0.30817062 0.26727441]
Fitness: 0.4297053973631981
--------------------
Position: [0.13942239 0.01553188 0.91111632 0.73151271 0.43280742 0.37585325
 0.4630241  0.07782501 0.43350244 0.83657389]
Velocity: [0. 0. 0. 0. 0. 0. 0. 0. 0. 0.]
Local Best Position: [0.13942239 0.01553188 0.91111632 0.73151271 0.43280742 0.37585325
 0.4630241  0.07782501 0.43350244 0.83657389]
Fitness: 0.3987401036013392
--------------------
Position: [0.78589475 0.39627356 0.82731603 0.76899874 0.82532749 0.70396263
 0.58518043 0.22890737 0.38382416 0.192035  ]
Velocity: [0. 0. 0. 0. 0. 0. 0. 0. 0. 0.]
Local Best Position: [0.78589475 0.39627356 0.82731603 0.76899874 0.82532749 0.70396263
 0.58518043 0.22890737 0.38382416 0.192035  ]
Fitness: 0.2410795835008778
--------------------
Position: [0.13306979 0.35972078 0.85811137 0.45007301 0.41250318 0.93559979
 0.03646066 0.22535637 0.80738684 0.97712963]
Velocity: [0. 0. 0. 0. 0. 0. 0. 0. 0. 0.]
Local Best Position: [0.13306979 0.35972078 0.85811137 0.45007301 0.41250318 0.93559979
 0.03646066 0.22535637 0.80738684 0.97712963]
Fitness: 0.33994811311330175
--------------------
Position: [0.6825402  0.91405374 0.03102905 0.38502246 0.72468181 0.78020446
 0.59948435 0.86105979 0.25739106 0.3740982 ]
Velocity: [0. 0. 0. 0. 0. 0. 0. 0. 0. 0.]
Local Best Position: [0.6825402  0.91405374 0.03102905 0.38502246 0.72468181 0.78020446
 0.59948435 0.86105979 0.25739106 0.3740982 ]
Fitness: 0.26723179973976285
--------------------
Position: [0.15269024 0.32722149 0.5060888  0.11866063 0.45711698 0.02578212
 0.34834269 0.67132634 0.81734824 0.76272997]
Velocity: [0. 0. 0. 0. 0. 0. 0. 0. 0. 0.]
Local Best Position: [0.15269024 0.32722149 0.5060888  0.11866063 0.45711698 0.02578212
 0.34834269 0.67132634 0.81734824 0.76272997]
Fitness: 0.4057436908020492
--------------------
Position: [0.74029095 0.66107362 0.69781072 0.42969602 0.02241987 0.78904202
 0.25635277 0.33916953 0.15762263 0.57782195]
Velocity: [0. 0. 0. 0. 0. 0. 0. 0. 0. 0.]
Local Best Position: [0.74029095 0.66107362 0.69781072 0.42969602 0.02241987 0.78904202
 0.25635277 0.33916953 0.15762263 0.57782195]
Fitness: 0.3476593117006406
--------------------
Position: [0.50070867 0.9578852  0.6159367  0.01280516 0.21416558 0.21669836
 0.57409233 0.44330317 0.40969379 0.16305464]
Velocity: [0. 0. 0. 0. 0. 0. 0. 0. 0. 0.]
Local Best Position: [0.50070867 0.9578852  0.6159367  0.01280516 0.21416558 0.21669836
 0.57409233 0.44330317 0.40969379 0.16305464]
Fitness: 0.41444686309050527
--------------------
Position: [0.34358124 0.39919981 0.5159916  0.69756574 0.50657188 0.7909901
 0.69119933 0.99202974 0.50789177 0.8794517 ]
Velocity: [0. 0. 0. 0. 0. 0. 0. 0. 0. 0.]
Local Best Position: [0.34358124 0.39919981 0.5159916  0.69756574 0.50657188 0.7909901
 0.69119933 0.99202974 0.50789177 0.8794517 ]
Fitness: 0.17568573008364577
--------------------
Position: [0.15972335 0.76025554 0.76477162 0.1797079  0.20465887 0.70777356
 0.33459225 0.14286124 0.77310627 0.02209941]
Velocity: [0. 0. 0. 0. 0. 0. 0. 0. 0. 0.]
Local Best Position: [0.15972335 0.76025554 0.76477162 0.1797079  0.20465887 0.70777356
 0.33459225 0.14286124 0.77310627 0.02209941]
Fitness: 0.43949422126976545
--------------------
Position: [0.07604606 0.26671986 0.87945408 0.91323536 0.66760522 0.49494506
 0.34746837 0.19629191 0.97862269 0.97708398]
Velocity: [0. 0. 0. 0. 0. 0. 0. 0. 0. 0.]
Local Best Position: [0.07604606 0.26671986 0.87945408 0.91323536 0.66760522 0.49494506
 0.34746837 0.19629191 0.97862269 0.97708398]
Fitness: 0.2851743202773537
--------------------
Position: [0.76553516 0.16028862 0.88237685 0.78552675 0.42225094 0.27531332
 0.90559764 0.97086984 0.02939086 0.80061321]
Velocity: [0. 0. 0. 0. 0. 0. 0. 0. 0. 0.]
Local Best Position: [0.76553516 0.16028862 0.88237685 0.78552675 0.42225094 0.27531332
 0.90559764 0.97086984 0.02939086 0.80061321]
Fitness: 0.26704852629812625
--------------------
Position: [0.29310507 0.54772377 0.46301027 0.12483998 0.03400173 0.20776527
 0.83481339 0.30457613 0.42502373 0.72823367]
Velocity: [0. 0. 0. 0. 0. 0. 0. 0. 0. 0.]
Local Best Position: [0.29310507 0.54772377 0.46301027 0.12483998 0.03400173 0.20776527
 0.83481339 0.30457613 0.42502373 0.72823367]
Fitness: 0.4234661416102908
--------------------
Position: [0.28636135 0.1761996  0.04889505 0.39546805 0.22212443 0.22741645
 0.56676489 0.81209639 0.37806881 0.4516625 ]
Velocity: [0. 0. 0. 0. 0. 0. 0. 0. 0. 0.]
Local Best Position: [0.28636135 0.1761996  0.04889505 0.39546805 0.22212443 0.22741645
 0.56676489 0.81209639 0.37806881 0.4516625 ]
Fitness: 0.4570435309655327
--------------------
Position: [0.34348819 0.79770926 0.44459921 0.13020604 0.79100071 0.47120218
 0.07712261 0.80781159 0.39751298 0.73302095]
Velocity: [0. 0. 0. 0. 0. 0. 0. 0. 0. 0.]
Local Best Position: [0.34348819 0.79770926 0.44459921 0.13020604 0.79100071 0.47120218
 0.07712261 0.80781159 0.39751298 0.73302095]
Fitness: 0.3183156184704875
--------------------
Position: [0.97261121 0.01127475 0.28805575 0.48961191 0.42497117 0.36789331
 0.60504472 0.80792687 0.73280312 0.59923835]
Velocity: [0. 0. 0. 0. 0. 0. 0. 0. 0. 0.]
Local Best Position: [0.97261121 0.01127475 0.28805575 0.48961191 0.42497117 0.36789331
 0.60504472 0.80792687 0.73280312 0.59923835]
Fitness: 0.29007912363637167
--------------------
Position: [0.98329555 0.51597304 0.397189   0.73720552 0.63100087 0.29706157
 0.42549732 0.02979829 0.26586837 0.92104021]
Velocity: [0. 0. 0. 0. 0. 0. 0. 0. 0. 0.]
Local Best Position: [0.98329555 0.51597304 0.397189   0.73720552 0.63100087 0.29706157
 0.42549732 0.02979829 0.26586837 0.92104021]
Fitness: 0.31138145535815853
--------------------
Position: [0.4894641  0.82080532 0.46840009 0.54298273 0.37797509 0.37509614
 0.96201203 0.5629501  0.52426677 0.97195561]
Velocity: [0. 0. 0. 0. 0. 0. 0. 0. 0. 0.]
Local Best Position: [0.4894641  0.82080532 0.46840009 0.54298273 0.37797509 0.37509614
 0.96201203 0.5629501  0.52426677 0.97195561]
Fitness: 0.19812050121435715
--------------------
Position: [0.19135549 0.54269301 0.56064765 0.58191505 0.14137583 0.14019572
 0.6259156  0.16512445 0.87917281 0.30714631]
Velocity: [0. 0. 0. 0. 0. 0. 0. 0. 0. 0.]
Local Best Position: [0.19135549 0.54269301 0.56064765 0.58191505 0.14137583 0.14019572
 0.6259156  0.16512445 0.87917281 0.30714631]
Fitness: 0.4038961776497122
--------------------
Position: [0.03964877 0.7610023  0.31643047 0.21739615 0.76367689 0.52289765
 0.5318999  0.55669075 0.38148508 0.26854423]
Velocity: [0. 0. 0. 0. 0. 0. 0. 0. 0. 0.]
Local Best Position: [0.03964877 0.7610023  0.31643047 0.21739615 0.76367689 0.52289765
 0.5318999  0.55669075 0.38148508 0.26854423]
Fitness: 0.3675834774433843
--------------------
Position: [0.4659118  0.01895898 0.40483992 0.55872921 0.68723073 0.13276657
 0.34147341 0.21698514 0.27015927 0.72721756]
Velocity: [0. 0. 0. 0. 0. 0. 0. 0. 0. 0.]
Local Best Position: [0.4659118  0.01895898 0.40483992 0.55872921 0.68723073 0.13276657
 0.34147341 0.21698514 0.27015927 0.72721756]
Fitness: 0.43003928595368646
--------------------
Position: [0.86813974 0.28457592 0.72029851 0.10366072 0.71422119 0.91898424
 0.43766489 0.2813356  0.5588996  0.54624613]
Velocity: [0. 0. 0. 0. 0. 0. 0. 0. 0. 0.]
Local Best Position: [0.86813974 0.28457592 0.72029851 0.10366072 0.71422119 0.91898424
 0.43766489 0.2813356  0.5588996  0.54624613]
Fitness: 0.27322702768405455
--------------------
Position: [0.35411543 0.64779515 0.68846568 0.04153571 0.47434519 0.93182146
 0.0428864  0.18329256 0.07479704 0.82759527]
Velocity: [0. 0. 0. 0. 0. 0. 0. 0. 0. 0.]
Local Best Position: [0.35411543 0.64779515 0.68846568 0.04153571 0.47434519 0.93182146
 0.0428864  0.18329256 0.07479704 0.82759527]
Fitness: 0.43066852588499865
--------------------
Position: [0.8378627  0.16427382 0.53604853 0.19091415 0.33753293 0.85829127
 0.21357486 0.08677471 0.72787671 0.33458097]
Velocity: [0. 0. 0. 0. 0. 0. 0. 0. 0. 0.]
Local Best Position: [0.8378627  0.16427382 0.53604853 0.19091415 0.33753293 0.85829127
 0.21357486 0.08677471 0.72787671 0.33458097]
Fitness: 0.40228200983001533
--------------------
Position: [0.28543978 0.74341463 0.31212784 0.30270264 0.74061623 0.18912994
 0.32876801 0.38562212 0.83395378 0.98402155]
Velocity: [0. 0. 0. 0. 0. 0. 0. 0. 0. 0.]
Local Best Position: [0.28543978 0.74341463 0.31212784 0.30270264 0.74061623 0.18912994
 0.32876801 0.38562212 0.83395378 0.98402155]
Fitness: 0.31164534923558024
--------------------
Position: [0.81381249 0.15566848 0.00940249 0.03115198 0.34783573 0.69227497
 0.99475981 0.53153034 0.90107228 0.24639839]
Velocity: [0. 0. 0. 0. 0. 0. 0. 0. 0. 0.]
Local Best Position: [0.81381249 0.15566848 0.00940249 0.03115198 0.34783573 0.69227497
 0.99475981 0.53153034 0.90107228 0.24639839]
Fitness: 0.39847177027223635
--------------------
Position: [0.47593972 0.38753914 0.36473756 0.32002582 0.54255632 0.79822391
 0.02803568 0.99614008 0.45022351 0.60333366]
Velocity: [0. 0. 0. 0. 0. 0. 0. 0. 0. 0.]
Local Best Position: [0.47593972 0.38753914 0.36473756 0.32002582 0.54255632 0.79822391
 0.02803568 0.99614008 0.45022351 0.60333366]
Fitness: 0.31699669884584986
--------------------
Position: [0.91598577 0.46654712 0.23329993 0.13687968 0.94763983 0.50140799
 0.59565207 0.58291115 0.68068784 0.15041401]
Velocity: [0. 0. 0. 0. 0. 0. 0. 0. 0. 0.]
Local Best Position: [0.91598577 0.46654712 0.23329993 0.13687968 0.94763983 0.50140799
 0.59565207 0.58291115 0.68068784 0.15041401]
Fitness: 0.3036988590429356
--------------------
Position: [0.3075903  0.85245867 0.8310795  0.37492612 0.22704582 0.06010349
 0.79431018 0.00820432 0.18024169 0.97348827]
Velocity: [0. 0. 0. 0. 0. 0. 0. 0. 0. 0.]
Local Best Position: [0.3075903  0.85245867 0.8310795  0.37492612 0.22704582 0.06010349
 0.79431018 0.00820432 0.18024169 0.97348827]
Fitness: 0.40999882702850154
--------------------
Position: [0.45902267 0.26780316 0.48882056 0.88224933 0.02420363 0.26326129
 0.92086716 0.34950243 0.14006267 0.91894932]
Velocity: [0. 0. 0. 0. 0. 0. 0. 0. 0. 0.]
Local Best Position: [0.45902267 0.26780316 0.48882056 0.88224933 0.02420363 0.26326129
 0.92086716 0.34950243 0.14006267 0.91894932]
Fitness: 0.3774371335132373
--------------------
Position: [0.99212204 0.84270035 0.85824522 0.81148268 0.75563212 0.19340381
 0.47124975 0.41337718 0.53617352 0.26053318]
Velocity: [0. 0. 0. 0. 0. 0. 0. 0. 0. 0.]
Local Best Position: [0.99212204 0.84270035 0.85824522 0.81148268 0.75563212 0.19340381
 0.47124975 0.41337718 0.53617352 0.26053318]
Fitness: 0.21764008450628003
--------------------
Position: [0.51870263 0.59375212 0.75724304 0.23714783 0.45812612 0.34952041
 0.17513684 0.06961064 0.15974771 0.31732209]
Velocity: [0. 0. 0. 0. 0. 0. 0. 0. 0. 0.]
Local Best Position: [0.51870263 0.59375212 0.75724304 0.23714783 0.45812612 0.34952041
 0.17513684 0.06961064 0.15974771 0.31732209]
Fitness: 0.4472406499681109
--------------------
Position: [0.44068343 0.36026733 0.73799128 0.45769331 0.10460958 0.36038943
 0.09976326 0.780648   0.08130092 0.80544302]
Velocity: [0. 0. 0. 0. 0. 0. 0. 0. 0. 0.]
Local Best Position: [0.44068343 0.36026733 0.73799128 0.45769331 0.10460958 0.36038943
 0.09976326 0.780648   0.08130092 0.80544302]
Fitness: 0.40360656215349955
--------------------
Position: [0.17622469 0.68144571 0.20122862 0.38920415 0.82510037 0.69959709
 0.71415584 0.82641049 0.47700382 0.78450572]
Velocity: [0. 0. 0. 0. 0. 0. 0. 0. 0. 0.]
Local Best Position: [0.17622469 0.68144571 0.20122862 0.38920415 0.82510037 0.69959709
 0.71415584 0.82641049 0.47700382 0.78450572]
Fitness: 0.23438246630861528
--------------------
Position: [0.89692388 0.95603829 0.81714679 0.53703752 0.94188891 0.35329108
 0.44630637 0.54979614 0.083929   0.69324551]
Velocity: [0. 0. 0. 0. 0. 0. 0. 0. 0. 0.]
Local Best Position: [0.89692388 0.95603829 0.81714679 0.53703752 0.94188891 0.35329108
 0.44630637 0.54979614 0.083929   0.69324551]
Fitness: 0.21244807534232707
--------------------
Global Best Position: [0.69521418 0.78717953 0.56557763 0.77438108 0.75933051 0.43782443
 0.6304656  0.77184258 0.94858443 0.46774903]
Global Best Fitness: 0.1226322951586469
--------------------------------------------------
